2.1537,1.2817,1.773,0.0
2.153,1.2811,1.7727,0.0
2.153,1.2811,1.7727,0.0
2.1514,1.2797,1.7718,0.0
2.1453,1.2744,1.7686,0.0
2.1453,1.2744,1.7686,0.0
2.136,1.2662,1.7637,0.0
2.136,1.2662,1.7637,0.0
2.1299,1.2609,1.7605,0.0
2.1156,1.2485,1.7532,0.0
2.1156,1.2485,1.7532,0.0
2.1069,1.2409,1.7487,0.0
2.0852,1.2222,1.7378,0.0
2.0852,1.2222,1.7378,0.0
2.0619,1.2021,1.7263,0.0
2.0619,1.2021,1.7263,0.0
2.0485,1.1907,1.7198,0.0
2.0174,1.1643,1.705,0.0
2.0174,1.1643,1.705,0.0
1.9851,1.137,1.6901,0.0
1.9851,1.137,1.6901,0.0
1.9851,1.137,1.6901,0.0
1.9303,1.0916,1.666,0.0
1.9303,1.0916,1.666,0.0
1.8895,1.0583,1.6489,0.0
1.8895,1.0583,1.6489,0.0
1.8895,1.0583,1.6489,0.0
1.822,1.0045,1.6227,0.0
1.822,1.0045,1.6227,0.0
1.7726,0.9662,1.605,0.0
1.7726,0.9662,1.605,0.0
1.7459,0.946,1.5961,0.0
1.6926,0.9066,1.5793,0.0
1.6926,0.9066,1.5793,0.0
1.6348,0.8656,1.5631,0.0
1.6348,0.8656,1.5631,0.0
1.6039,0.8445,1.5552,0.0
1.6039,0.8445,1.5552,0.0
1.5367,0.8009,1.5402,-22.5
1.5048,0.7814,1.534,-22.5
1.4761,0.7697,1.5221,-22.5
1.4761,0.7697,1.5221,-22.5
1.4465,0.7592,1.5096,-22.5
1.3849,0.743,1.4832,-22.5
1.3576,0.7383,1.4716,-22.5
1.3321,0.7353,1.4608,-22.5
1.3321,0.7353,1.4608,-22.5
2.6925,1.3063,1.45,0.0
2.6419,1.2594,1.4308,0.0
2.618,1.2369,1.4245,0.0
2.5667,1.1893,1.4124,0.0
2.5667,1.1893,1.4124,0.0
2.5141,1.1409,1.402,0.0
2.5141,1.1409,1.402,0.0
2.486,1.1153,1.972,0.0
2.4235,1.0589,1.9188,0.0
2.4235,1.0589,1.9188,0.0
2.3636,1.0057,1.8683,0.0
2.3636,1.0057,1.8683,0.0
2.333,0.979,1.8428,0.0
2.2733,0.9279,1.7936,0.0
2.2733,0.9279,1.7936,0.0
2.2439,0.9031,1.7696,0.0
2.1837,0.8538,1.7211,0.0
2.1837,0.8538,1.7211,0.0
2.7695,0.8078,1.6749,0.0
2.7695,0.8078,1.6749,0.0
2.7389,0.785,1.6515,0.0
2.6806,0.7433,1.6076,0.0
2.6806,0.7433,1.6076,0.0
2.6509,0.7232,1.5857,0.0
2.5912,0.6852,1.5424,0.0
2.5912,0.6852,1.5424,0.0
2.5321,0.6515,1.501,0.0
2.5321,0.6515,1.501,0.0
2.5018,0.636,1.4803,0.0
2.4399,0.6083,1.4393,0.0
2.4399,0.6083,1.4393,0.0
2.3821,0.588,1.4025,0.0
2.3821,0.588,1.4025,0.0
3.0944,0.5801,1.3847,0.0
3.0305,1.6595,1.3482,0.0
3.0305,1.6595,1.3482,0.0
2.9714,1.6045,1.3164,0.0
2.9714,1.6045,1.3164,0.0
2.9408,1.5762,1.3009,0.0
2.8781,1.5187,1.271,0.0
2.8781,1.5187,1.271,0.0
2.8198,1.4658,1.2456,0.0
2.8198,1.4658,1.2456,0.0
2.7905,1.4394,1.2339,0.0
3.2424,1.3827,1.2107,0.0
3.2424,1.3827,1.2107,0.0
3.181,1.3316,1.1925,0.0
3.181,1.3316,1.1925,0.0
3.149,1.3055,1.1843,0.0
3.149,1.3055,1.1843,0.0
3.0821,1.2517,1.1698,0.0
3.0515,1.2275,1.8258,0.0
3.0213,1.204,1.7992,0.0
3.0213,1.204,1.7992,0.0
2.9601,1.1574,1.7454,0.0
2.9308,1.1356,1.7198,0.0
2.8993,1.1127,1.6925,0.0
2.8993,1.1127,1.6925,0.0
2.8364,1.0682,1.6385,0.0
2.8364,1.0682,1.6385,0.0
2.7747,1.0266,1.5862,0.0
2.7457,1.0078,1.5619,0.0
2.7145,0.9882,1.5359,0.0
2.6854,0.9706,1.5119,0.0
2.6542,0.9523,1.4864,0.0
2.6542,0.9523,1.4864,0.0
2.5939,0.9191,1.4378,0.0
2.5939,0.9191,1.4378,0.0
2.5632,0.9034,1.4134,0.0
2.4959,0.8721,1.3611,0.0
2.4648,0.8591,1.3373,0.0
2.4358,0.8479,1.3155,0.0
2.4358,0.8479,1.3155,0.0
2.4046,0.8369,1.2925,0.0
2.3392,0.8176,1.2454,0.0
2.3392,0.8176,1.2454,0.0
2.2798,1.8424,1.2042,0.0
2.2798,1.8424,1.2042,0.0
2.2798,1.8424,1.2042,0.0
2.2798,1.8424,1.2042,0.0
2.192,1.7665,1.1468,0.0
2.134,1.717,1.1112,0.0
2.134,1.717,1.1112,0.0
2.0751,1.6673,1.0774,0.0
2.0751,1.6673,1.0774,0.0
2.0163,1.6184,1.0462,0.0
1.9872,1.5945,1.0317,0.0
1.9578,1.5706,1.0178,0.0
1.9288,1.5472,1.0049,0.0
1.9288,1.5472,1.0049,0.0
1.8996,1.5238,0.9926,0.0
1.8416,1.4782,0.9708,0.0
1.8416,1.4782,0.9708,0.0
1.7838,1.4337,0.9525,0.0
1.7838,1.4337,0.9525,0.0
2.6091,1.4113,0.9445,0.0
2.5406,1.3648,1.6911,0.0
2.5406,1.3648,1.6911,0.0
2.5406,1.3648,1.6911,0.0
2.4487,1.3056,1.6073,0.0
2.4487,1.3056,1.6073,0.0
2.4166,1.2858,1.5782,0.0
2.3536,1.2485,1.5216,0.0
2.3536,1.2485,1.5216,0.0
2.3536,1.2485,1.5216,0.0
2.2615,1.1979,1.4398,0.0
2.2615,1.1979,1.4398,0.0
2.2294,1.1814,1.4115,0.0
2.165,1.1505,1.3555,0.0
2.165,1.1505,1.3555,0.0
2.1037,1.1236,1.3028,0.0
2.1037,1.1236,1.3028,0.0
2.0726,1.1111,1.2764,0.0
2.0053,1.0864,1.2201,0.0
2.0053,1.0864,1.2201,0.0
1.9437,1.0672,1.1694,0.0
1.9437,1.0672,1.1694,0.0
1.9437,1.0672,1.1694,0.0
1.8512,1.0445,1.0957,0.0
1.8512,1.0445,1.0957,0.0
1.7896,1.9164,1.0482,22.5
1.7896,1.9164,1.0482,22.5
1.7586,1.8981,1.0249,22.5
1.7024,1.8531,0.9927,22.5
1.7024,1.8531,0.9927,22.5
1.6462,1.8064,0.9648,22.5
1.6462,1.8064,0.9648,22.5
1.6462,1.8064,0.9648,22.5
1.5699,1.7405,0.9343,22.5
1.5699,1.7405,0.9343,22.5
1.5454,1.7189,0.9264,22.5
2.4799,1.6759,0.9139,0.0
2.4799,1.6759,0.9139,0.0
2.4799,1.6759,0.9139,0.0
2.4062,1.6205,0.899,0.0
2.4062,1.6205,0.899,0.0
2.356,1.5851,1.3864,0.0
2.356,1.5851,1.3864,0.0
2.3025,1.5483,1.3388,0.0
2.3025,1.5483,1.3388,0.0
2.2737,1.529,1.3135,0.0
2.2737,1.529,1.3135,0.0
2.2092,1.4868,1.2572,0.0
2.1776,1.4667,1.2299,0.0
2.1484,1.4485,1.2049,0.0
2.1484,1.4485,1.2049,0.0
2.1169,1.4294,1.1782,0.0
2.0499,1.3902,1.1223,0.0
2.0499,1.3902,1.1223,0.0
1.9883,1.3562,1.0721,0.0
1.9883,1.3562,1.0721,0.0
1.9581,1.3403,1.048,0.0
1.8915,1.3071,0.9961,0.0
1.8915,1.3071,0.9961,0.0
1.83,1.2788,0.9499,0.0
1.83,1.2788,0.9499,0.0
1.7989,1.2655,0.9273,0.0
1.7347,1.2401,0.8825,0.0
1.7347,1.2401,0.8825,0.0
1.6753,1.2193,0.8435,0.0
1.6753,1.2193,0.8435,0.0
1.6454,1.2099,0.8248,0.0
1.582,1.1923,0.7878,0.0
1.582,1.1923,0.7878,0.0
1.5228,2.0382,0.7567,22.5
1.5228,2.0382,0.7567,22.5
1.4921,2.0224,0.7421,22.5
1.4921,2.0224,0.7421,22.5
1.4347,1.9781,0.7297,22.5
2.1263,1.9578,0.7266,0.0
2.0978,1.9387,1.3852,0.0
2.0978,1.9387,1.3852,0.0
2.0394,1.9072,1.3333,0.0
2.0097,1.8916,1.3071,0.0
2.0097,1.8916,1.3071,0.0
1.9777,1.8752,1.2791,0.0
1.9116,1.8427,1.2219,0.0
1.9116,1.8427,1.2219,0.0
1.8488,1.8135,1.1685,0.0
1.8488,1.8135,1.1685,0.0
1.8163,1.799,1.1412,0.0
1.7475,1.77,1.0844,22.5
1.7475,1.77,1.0844,22.5
1.6868,1.7403,1.039,22.5
1.6868,1.7403,1.039,22.5
1.6576,1.7229,1.0199,22.5
1.5992,1.6885,0.9838,22.5
1.5992,1.6885,0.9838,22.5
1.548,1.6588,0.9547,22.5
1.548,1.6588,0.9547,22.5
1.523,1.6446,0.9414,22.5
1.523,1.6446,0.9414,22.5
1.4734,1.6169,0.9167,22.5
2.3205,1.6039,0.9063,0.0
2.2974,1.5921,0.8972,0.0
2.2974,1.5921,0.8972,0.0
2.2495,1.5677,0.8809,0.0
2.225,1.5557,0.8734,0.0
2.225,1.5557,0.8734,0.0
2.1718,1.5305,0.8595,0.0
2.1448,1.5183,0.8537,0.0
2.1156,1.5056,0.8483,0.0
2.0869,1.4936,1.2384,0.0
2.0869,1.4936,1.2384,0.0
2.0256,1.4694,1.1844,0.0
1.9961,1.4586,1.1587,0.0
1.9645,1.4476,1.1313,0.0
1.935,1.4379,1.106,0.0
1.935,1.4379,1.106,0.0
1.9033,1.4281,1.079,0.0
1.8364,1.4096,1.0232,0.0
1.8364,1.4096,1.0232,0.0
1.7759,1.3956,0.9739,0.0
1.7759,1.3956,0.9739,0.0
1.7152,2.0,0.9259,22.5
1.6862,1.9824,0.9036,22.5
1.6862,1.9824,0.9036,22.5
1.6334,1.9392,0.8706,22.5
1.6334,1.9392,0.8706,22.5
1.608,1.9183,0.8557,22.5
1.5592,1.8779,0.8293,22.5
1.5592,1.8779,0.8293,22.5
2.3445,1.3227,0.8091,0.0
2.3445,1.3227,0.8091,0.0
2.3217,1.317,0.8005,0.0
2.2738,1.7929,0.7826,0.0
2.2738,1.7929,0.7826,0.0
2.2476,1.7749,0.774,0.0
2.1924,1.7377,0.7584,0.0
2.1924,1.7377,0.7584,0.0
2.1353,1.7001,0.7464,0.0
2.1353,1.7001,0.7464,0.0
2.1353,1.7001,0.7464,0.0
2.0434,1.6422,1.2568,0.0
2.0434,1.6422,1.2568,0.0
2.0121,1.6232,1.2308,0.0
1.9489,1.5861,1.1791,0.0
1.9489,1.5861,1.1791,0.0
1.8883,1.5521,1.1307,0.0
1.8883,1.5521,1.1307,0.0
1.856,1.5347,1.1054,0.0
1.7898,1.5005,1.0548,0.0
1.7898,1.5005,1.0548,0.0
1.7282,1.4708,1.0095,0.0
1.7282,1.4708,1.0095,0.0
1.6972,1.4566,0.9873,0.0
1.6311,1.4283,0.942,0.0
1.6311,1.4283,0.942,0.0
1.5695,1.4042,0.9021,0.0
1.5695,1.4042,0.9021,0.0
1.5375,1.3926,0.8825,0.0
1.5375,1.3926,0.8825,0.0
1.471,1.3708,0.8442,0.0
1.4404,1.3618,0.8278,0.0
1.4102,1.3535,0.8126,0.0
1.4102,1.3535,0.8126,0.0
1.3796,1.3458,0.798,0.0
1.3118,2.627,0.7694,22.5
1.3118,2.627,0.7694,22.5
1.2502,2.5928,0.7546,22.5
1.2502,2.5928,0.7546,22.5
1.2201,2.5738,0.7528,22.5
1.1591,2.5349,1e+20,22.5
1.1591,2.5349,1e+20,22.5
1.1327,1.2766,1e+20,22.5
1.0869,1.2628,1e+20,22.5
1.0869,1.2628,1e+20,22.5
1.0652,1.2564,1e+20,22.5
1.0249,1.2448,1e+20,22.5
1.0249,1.2448,1e+20,22.5
1.0249,1.2448,1e+20,22.5
0.9694,1.2277,1e+20,22.5
0.9694,1.2277,1e+20,22.5
0.9359,1.2163,1e+20,22.5
0.9359,1.2163,1e+20,22.5
0.9048,1.2044,1e+20,22.5
0.9048,1.2044,1e+20,22.5
0.8904,1.1983,1e+20,22.5
0.8603,1.1834,1e+20,22.5
0.8603,1.1834,1e+20,22.5
0.8361,1.1688,1e+20,22.5
0.8361,1.1688,1e+20,22.5
1.9139,1.1606,0.8246,0.0
1.9139,1.1606,0.8246,0.0
1.8785,1.1419,0.7928,0.0
1.8541,1.1322,0.7706,0.0
1.83,1.123,0.7489,0.0
1.83,1.123,0.7489,0.0
1.8039,1.1137,0.7255,0.0
1.7445,1.0946,0.6734,0.0
1.7445,1.0946,0.6734,0.0
1.6877,1.0793,0.6251,0.0
1.6877,1.0793,0.6251,0.0
1.6574,1.0725,0.6002,0.0
1.5905,2.0099,0.5475,22.5
1.5905,2.0099,0.5475,22.5
1.5375,1.9609,0.5118,22.5
1.5375,1.9609,0.5118,22.5
2.8216,1.9353,0.5,0.0
2.7724,1.8852,0.4844,0.0
2.7724,1.8852,0.4844,0.0
2.7172,1.8392,0.4632,0.0
2.7172,1.8392,0.4632,0.0
2.6878,1.8148,0.4543,0.0
2.6878,1.8148,0.4543,0.0
2.6231,1.7619,1.3413,0.0
2.5928,1.7375,1.3151,0.0
2.5632,1.7137,1.2896,0.0
2.5632,1.7137,1.2896,0.0
2.503,1.6662,1.2386,0.0
2.4742,1.6437,1.2144,0.0
2.4432,1.6198,1.1888,0.0
2.3839,1.5748,1.1405,0.0
2.3839,1.5748,1.1405,0.0
2.3244,1.5307,1.0933,0.0
2.3244,1.5307,1.0933,0.0
2.2944,1.509,1.07,0.0
2.2298,1.4631,1.0212,0.0
2.2298,1.4631,1.0212,0.0
2.1703,1.4223,0.9782,0.0
2.1703,1.4223,0.9782,0.0
2.1393,1.4016,0.9566,0.0
2.0801,1.3634,0.917,0.0
2.0801,1.3634,0.917,0.0
2.0801,1.3634,0.917,0.0
1.9897,1.3083,0.8614,0.0
1.9897,1.3083,0.8614,0.0
1.9589,1.2905,0.8441,0.0
1.9589,1.2905,0.8441,0.0
1.8962,1.2561,0.8116,0.0
1.8671,1.2409,0.7979,0.0
1.8385,1.2266,0.7853,0.0
1.8385,1.2266,0.7853,0.0
1.8093,1.2126,0.7736,0.0
1.7457,1.1841,0.7517,0.0
1.7457,1.1841,0.7517,0.0
1.7152,1.1717,0.7432,0.0
1.6526,1.1484,1e+20,0.0
1.6526,1.1484,1e+20,0.0
2.9277,1.1304,1.596,0.0
2.9277,1.1304,1.596,0.0
2.8969,1.1224,1.5674,0.0
2.8309,1.9933,1.5062,0.0
2.8309,1.9933,1.5062,0.0
2.7701,1.9433,1.4503,0.0
2.7701,1.9433,1.4503,0.0
2.7385,1.9176,1.4215,0.0
2.6741,1.8658,1.3631,0.0
2.6741,1.8658,1.3631,0.0
2.6139,1.8181,1.3091,0.0
2.6139,1.8181,1.3091,0.0
2.5836,1.7944,1.2822,0.0
2.5836,1.7944,1.2822,0.0
2.5175,1.7434,1.224,0.0
2.4862,1.7197,1.1968,0.0
2.4572,1.6979,1.1718,0.0
2.4572,1.6979,1.1718,0.0
2.4258,1.6746,1.145,0.0
2.3587,1.6259,1.0887,0.0
2.3587,1.6259,1.0887,0.0
2.2985,1.5833,1.0393,0.0
2.2681,1.5622,1.0148,0.0
2.2681,1.5622,1.0148,0.0
2.2371,1.5412,0.9903,0.0
2.1716,1.4978,0.9399,0.0
2.1716,1.4978,0.9399,0.0
2.141,1.4781,0.917,0.0
2.0764,1.4379,0.8706,0.0
2.0764,1.4379,0.8706,0.0
2.0166,1.4025,0.83,0.0
2.0166,1.4025,0.83,0.0
1.9855,1.3848,0.81,0.0
1.9215,1.35,0.7714,0.0
1.9215,1.35,0.7714,0.0
1.9215,1.35,0.7714,0.0
1.8329,1.3058,0.7245,0.0
1.8329,1.3058,0.7245,0.0
1.7741,1.2793,0.6984,0.0
1.7741,1.2793,0.6984,0.0
1.7437,1.2665,0.6867,0.0
1.6862,1.2441,0.6681,0.0
1.6862,1.2441,0.6681,0.0
1.6282,1.2241,0.6546,0.0
1.6282,1.2241,0.6546,0.0
1.5991,1.2152,1e+20,0.0
1.5362,1.1982,1e+20,0.0
1.5362,1.1982,1e+20,0.0
1.4787,2.0432,1e+20,22.5
1.4787,2.0432,1e+20,22.5
1.4489,2.0177,1e+20,22.5
2.7325,1.9605,1.4005,0.0
2.7325,1.9605,1.4005,0.0
2.6809,1.9106,1.3559,0.0
2.6809,1.9106,1.3559,0.0
2.6509,1.8849,1.3293,0.0
2.5866,1.83,1.2728,0.0
2.5866,1.83,1.2728,0.0
2.527,1.7798,1.2213,0.0
2.527,1.7798,1.2213,0.0
2.4961,1.754,1.195,0.0
2.4961,1.754,1.195,0.0
2.4334,1.7024,1.1425,0.0
2.4334,1.7024,1.1425,0.0
2.4032,1.6778,1.1176,0.0
2.3375,1.6251,1.0648,0.0
2.3375,1.6251,1.0648,0.0
2.2785,1.5787,1.0188,0.0
2.2785,1.5787,1.0188,0.0
2.2479,1.5551,0.9957,0.0
2.1825,1.5055,0.9478,0.0
2.1825,1.5055,0.9478,0.0
2.1527,1.4833,0.9269,0.0
2.0889,1.437,0.8841,0.0
2.0889,1.437,0.8841,0.0
2.0308,1.3962,0.8479,0.0
2.0308,1.3962,0.8479,0.0
2.0006,1.3756,0.8303,0.0
2.0006,1.3756,0.8303,0.0
2.5235,1.3348,0.7972,0.0
2.4923,1.3165,0.7831,0.0
2.4616,1.2989,0.7703,0.0
2.4616,1.2989,0.7703,0.0
2.4304,1.2816,0.7583,0.0
2.3611,1.245,0.7357,0.0
2.3611,1.245,0.7357,0.0
2.2986,1.2144,0.7206,0.0
2.2986,1.2144,0.7206,0.0
2.2662,1.1996,1.7048,0.0
2.1969,1.1702,1.6429,0.0
2.1969,1.1702,1.6429,0.0
2.1349,1.1468,1.588,0.0
2.1349,1.1468,1.588,0.0
2.1349,1.1468,1.588,0.0
2.0428,1.1177,1.5076,0.0
2.0428,1.1177,1.5076,0.0
1.9808,1.1019,1.4542,0.0
1.9808,1.1019,1.4542,0.0
1.9486,1.0951,1.4268,0.0
1.8824,1.9592,1.3709,22.5
1.8824,1.9592,1.3709,22.5
1.8507,1.9451,1.3446,22.5
1.7925,1.9048,1.3059,22.5
1.7925,1.9048,1.3059,22.5
1.7459,1.8687,1.2788,22.5
1.7459,1.8687,1.2788,22.5
1.7244,1.8503,1.2679,22.5
1.6839,1.8119,1.2509,22.5
1.6839,1.8119,1.2509,22.5
1.6512,1.7763,1.2411,22.5
1.6512,1.7763,1.2411,22.5
1.6359,1.7577,1.2382,22.5
2.3719,1.716,1.2361,0.0
2.3719,1.716,1.2361,0.0
2.3719,1.716,1.2361,0.0
2.3014,1.6609,1.219,0.0
2.3014,1.6609,1.219,0.0
2.2476,1.6274,1.2012,0.0
2.2476,1.6274,1.2012,0.0
2.2187,1.6098,1.1926,0.0
2.1564,1.5731,1.1763,0.0
2.1564,1.5731,1.1763,0.0
2.0957,1.539,1.1635,0.0
2.0957,1.539,1.1635,0.0
2.0642,1.522,1.342,0.0
2.0642,1.522,1.342,0.0
1.9982,1.4879,1.2873,0.0
1.9662,1.4721,1.2612,0.0
1.9363,1.458,1.2371,0.0
1.9042,1.4433,1.2114,0.0
1.838,1.4149,1.1597,0.0
1.838,1.4149,1.1597,0.0
1.7765,1.3909,1.1132,0.0
1.7765,1.3909,1.1132,0.0
1.7455,1.3798,1.0903,0.0
1.7455,1.3798,1.0903,0.0
1.6799,1.3583,1.0433,0.0
1.6482,1.3489,1.0214,0.0
1.6187,1.3409,1.0015,0.0
1.6187,1.3409,1.0015,0.0
1.5867,1.3329,0.9805,0.0
1.5203,2.0417,0.9391,22.5
1.5203,2.0417,0.9391,22.5
1.4627,2.001,0.9109,22.5
1.4391,1.9792,0.9042,22.5
1.4162,1.9563,0.8997,22.5
2.2564,1.9344,0.8976,0.0
2.2564,1.9344,0.8976,0.0
2.2323,1.2509,0.8976,0.0
2.1785,1.8771,0.8831,0.0
2.1785,1.8771,0.8831,0.0
2.1492,1.8587,0.8766,0.0
2.0902,1.8228,1.2489,0.0
2.0902,1.8228,1.2489,0.0
2.0284,1.7864,1.1946,0.0
2.0284,1.7864,1.1946,0.0
1.9964,1.7682,1.1668,0.0
1.9284,1.7308,1.1085,0.0
1.9284,1.7308,1.1085,0.0
1.8671,1.6987,1.0571,0.0
1.8671,1.6987,1.0571,0.0
1.8363,1.6832,1.0316,0.0
1.7706,1.6517,0.9785,0.0
1.7706,1.6517,0.9785,0.0
1.7096,1.6243,0.9307,0.0
1.7096,1.6243,0.9307,0.0
1.6778,1.6108,0.9065,0.0
1.6119,1.5846,0.858,0.0
1.6119,1.5846,0.858,0.0
1.5515,1.5626,0.8159,22.5
1.5515,1.5626,0.8159,22.5
1.521,1.5524,0.7955,22.5
1.4666,1.5169,0.7728,22.5
1.4666,1.5169,0.7728,22.5
2.741,1.4828,0.7621,0.0
2.741,1.4828,0.7621,0.0
2.7135,1.4648,0.7601,0.0
2.6549,1.443,0.741,0.0
2.6549,1.443,0.741,0.0
2.5976,1.4238,0.7267,0.0
2.5976,1.4238,0.7267,0.0
2.567,1.4144,0.7209,0.0
2.5004,1.3962,1.2095,0.0
2.5004,1.3962,1.2095,0.0
2.4682,1.3885,1.1811,0.0
2.4682,1.3885,1.1811,0.0
2.4056,1.9113,1.1263,0.0
2.3751,1.8912,1.1001,0.0
2.3751,1.8912,1.1001,0.0
2.3125,1.8507,1.047,0.0
2.3125,1.8507,1.047,0.0
2.2202,1.7934,0.9709,0.0
2.2202,1.7934,0.9709,0.0
2.1597,1.7576,0.9231,0.0
2.1597,1.7576,0.9231,0.0
2.0996,1.7234,0.8771,0.0
2.0996,1.7234,0.8771,0.0
2.0694,1.7069,0.8548,0.0
2.0026,1.6717,0.8076,0.0
2.0026,1.6717,0.8076,0.0
1.9424,1.6417,0.7678,0.0
1.9424,1.6417,0.7678,0.0
1.9424,1.6417,0.7678,0.0
1.8519,1.6002,0.7142,0.0
1.8519,1.6002,0.7142,0.0
1.8217,1.5873,0.6982,0.0
1.7872,1.5732,0.6812,0.0
1.7872,1.5732,0.6812,0.0
1.7571,1.5615,0.6677,0.0
1.6905,1.5375,0.6422,0.0
1.6905,1.5375,0.6422,0.0
1.6326,1.519,0.6257,0.0
1.6326,1.519,0.6257,0.0
1.6035,1.5105,0.6196,0.0
1.5394,1.4938,1.874,-22.5
1.5394,1.4938,1.874,-22.5
2.4898,1.4853,1.8325,0.0
2.4898,1.4853,1.8325,0.0
2.4604,1.4615,1.8103,0.0
2.3919,1.4007,1.768,0.0
2.3919,1.4007,1.768,0.0
2.3598,1.3725,1.7488,0.0
2.3598,1.3725,1.7488,0.0
2.2905,1.3121,1.7085,0.0
2.2905,1.3121,1.7085,0.0
2.1933,1.2292,1.6554,0.0
2.1933,1.2292,1.6554,0.0
2.1306,1.1768,1.6233,0.0
2.1306,1.1768,1.6233,0.0
2.0991,1.1508,1.6078,0.0
2.0991,1.1508,1.6078,0.0
2.0306,1.0956,1.5759,0.0
1.9677,1.0461,1.5487,0.0
1.9677,1.0461,1.5487,0.0
1.9366,1.0223,1.536,0.0
1.8694,0.9721,1.5105,0.0
1.8694,0.9721,1.5105,0.0
1.8363,0.9482,1.4989,0.0
1.7702,0.9023,1.4777,0.0
1.7702,0.9023,1.4777,0.0
1.709,0.8621,1.4605,0.0
1.709,0.8621,1.4605,0.0
1.6782,0.8429,1.4527,0.0
1.6782,0.8429,1.4527,0.0
1.6111,0.8035,1.438,0.0
1.5794,0.7863,1.4321,0.0
1.5498,0.771,2.1622,-22.5
1.5498,0.771,2.1622,-22.5
1.518,0.7556,2.1432,-22.5
1.4536,0.7416,2.0946,-22.5
1.4536,0.7416,2.0946,-22.5
1.4021,0.736,1.3842,0.0
1.4021,0.736,1.3842,0.0
1.3779,4.3728,1.3762,22.5
1.3166,4.3177,1.9952,0.0
1.3166,4.3177,1.9952,0.0
1.261,4.2646,1.9655,0.0
1.261,4.2646,1.9655,0.0
1.2309,4.2374,1.9471,0.0
1.164,4.1768,1.9073,0.0
1.164,4.1768,1.9073,0.0
1.1325,4.1482,1.8891,0.0
1.1325,4.1482,1.8891,0.0
1.0652,4.0876,1.8515,0.0
1.0332,4.0588,1.8341,0.0
1.0035,4.0321,1.8184,0.0
1.0035,4.0321,1.8184,0.0
0.9714,4.0032,1.8018,0.0
0.9032,3.942,1.7679,0.0
0.9032,3.942,1.7679,0.0
0.8718,3.914,1.7531,0.0
0.8032,3.8527,1.722,0.0
0.8032,3.8527,1.722,0.0
0.8032,3.8527,1.722,0.0
0.7082,3.7678,1.6827,0.0
0.7082,3.7678,1.6827,0.0
0.6774,3.7404,1.671,0.0
0.6175,3.687,1.6495,0.0
0.6175,3.687,1.6495,0.0
0.557,3.6329,1.6298,0.0
0.557,3.6329,1.6298,0.0
0.5258,3.605,1.6204,0.0
0.4673,3.5523,1.6044,0.0
0.4673,3.5523,1.6044,0.0
0.4377,3.5255,1.597,0.0
0.3759,3.4689,1.5833,0.0
0.3759,3.4689,1.5833,0.0
0.3759,3.4689,1.5833,0.0
0.2908,3.388,2.1776,0.0
0.2908,3.388,2.1776,0.0
0.2395,3.3354,2.1406,0.0
0.2395,3.3354,2.1406,0.0
0.1953,3.2832,2.105,0.0
0.1953,3.2832,2.105,0.0
0.1774,3.257,2.0874,0.0
1.1448,0.1549,2.0516,-22.5
1.1448,0.1549,2.0516,-22.5
1.0832,3.1556,2.0142,0.0
1.0832,3.1556,2.0142,0.0
1.054,1.954,1.9937,0.0
1.054,1.954,1.9937,0.0
0.9871,1.8915,1.9575,0.0
0.9557,1.8622,1.9411,0.0
0.9263,1.8349,1.926,0.0
0.9263,1.8349,1.926,0.0
0.8946,1.8054,1.9102,0.0
0.8275,1.7433,1.878,0.0
0.8275,1.7433,1.878,0.0
0.7949,1.7132,1.863,0.0
0.7281,1.6517,1.8337,0.0
0.7281,1.6517,1.8337,0.0
0.6671,1.5958,1.8087,0.0
0.6671,1.5958,1.8087,0.0
0.6365,1.5679,1.7968,0.0
0.571,1.5081,1.7728,0.0
0.571,1.5081,1.7728,0.0
0.571,1.5081,1.7728,0.0
0.4811,1.4262,1.7433,0.0
0.4811,1.4262,1.7433,0.0
0.4515,1.3991,1.7345,0.0
0.3917,1.3441,1.7181,0.0
0.3917,1.3441,1.7181,0.0
0.3375,1.2934,1.7048,0.0
0.3375,1.2934,1.7048,0.0
0.3112,1.2681,1.6989,0.0
0.2809,1.2382,1.7956,0.0
0.2809,1.2382,1.7956,0.0
2.7016,1.1896,0.2352,0.0
2.672,1.1665,0.2159,0.0
2.6404,1.1422,0.1982,0.0
2.6108,1.1197,0.1851,0.0
2.6108,1.1197,0.1851,0.0
2.579,1.096,0.1757,0.0
2.5124,1.0477,1.6363,0.0
2.5124,1.0477,1.6363,0.0
2.4499,1.0044,1.6003,0.0
2.4499,1.0044,1.6003,0.0
2.4192,0.9839,1.5832,0.0
2.3513,0.9405,1.5469,0.0
2.3513,0.9405,1.5469,0.0
2.3189,0.9209,1.5303,0.0
2.2518,0.8828,1.4978,0.0
2.2518,0.8828,1.4978,0.0
2.1911,0.8515,1.4704,0.0
2.1911,0.8515,1.4704,0.0
2.1604,0.8369,1.4573,0.0
2.099,0.8106,1.4328,0.0
2.099,0.8106,1.4328,0.0
2.099,0.8106,1.4328,0.0
2.005,0.7781,1.3998,0.0
2.005,0.7781,1.3998,0.0
1.9429,0.7625,1.3811,0.0
1.9429,0.7625,1.3811,0.0
1.9107,2.1442,1.3725,22.5
1.8452,2.1227,1.3572,22.5
1.8452,2.1227,1.3572,22.5
1.7849,2.0889,1.5341,22.5
1.7849,2.0889,1.5341,22.5
1.7559,2.0708,1.5203,22.5
1.6992,2.0318,1.4985,22.5
1.6992,2.0318,1.4985,22.5
1.6501,1.9936,1.4857,22.5
1.6501,1.9936,1.4857,22.5
1.6267,1.9737,1.4817,22.5
1.5807,1.9312,1.4785,22.5
1.5807,1.9312,1.4785,22.5
1.5807,1.9312,1.4785,22.5
1.5165,1.8649,1.4836,22.5
1.5165,1.8649,1.4836,22.5
1.4767,1.8187,1.4933,0.0
1.4767,1.8187,1.4933,0.0
1.4574,1.7944,1.5002,0.0
2.3965,1.7655,1.4085,0.0
2.3965,1.7655,1.4085,0.0
2.3449,1.7381,1.3608,0.0
2.3449,1.7381,1.3608,0.0
2.3172,1.7238,1.3352,0.0
2.256,1.6937,1.2793,0.0
2.256,1.6937,1.2793,0.0
2.2251,1.679,1.2511,0.0
2.1591,1.6494,1.1917,0.0
2.1591,1.6494,1.1917,0.0
2.0983,1.6241,1.1376,0.0
2.0983,1.6241,1.1376,0.0
2.0668,1.6117,1.1099,0.0
2.0021,1.588,1.0536,0.0
2.0021,1.588,1.0536,0.0
1.9401,1.5675,1.0008,0.0
1.9401,1.5675,1.0008,0.0
1.9097,1.5584,0.9753,0.0
1.8447,1.5406,0.922,0.0
1.8447,1.5406,0.922,0.0
1.7843,1.5265,0.874,0.0
1.7843,1.5265,0.874,0.0
1.7843,1.5265,0.874,0.0
1.6935,2.5763,0.8052,22.5
1.6935,2.5763,0.8052,22.5
1.6633,2.5668,0.7834,22.5
1.603,2.5087,0.7566,22.5
1.603,2.5087,0.7566,22.5
1.5458,2.4519,0.7392,22.5
1.5458,2.4519,0.7392,22.5
1.5174,2.4231,0.7336,22.5
1.4596,2.4425,0.7285,22.5
1.4596,2.4425,0.7285,22.5
1.4074,1.3914,0.7311,0.0
1.4074,1.3914,0.7311,0.0
1.3809,1.3776,1e+20,0.0
1.3282,2.361,1e+20,22.5
1.3282,2.361,1e+20,22.5
1.2781,2.3334,1e+20,22.5
1.2781,2.3334,1e+20,22.5
1.2541,2.3166,1e+20,22.5
1.21,2.2841,1e+20,22.5
1.21,2.2841,1e+20,22.5
1.187,2.2664,1e+20,22.5
1.1414,1.2912,1e+20,22.5
1.1414,1.2912,1e+20,22.5
1.0984,1.2695,1e+20,22.5
1.0984,1.2695,1e+20,22.5
1.9468,1.2577,1.0756,0.0
1.888,1.2329,1.0294,0.0
1.888,1.2329,1.0294,0.0
1.8374,2.0971,0.9862,22.5
1.8374,2.0971,0.9862,22.5
1.8101,2.0813,0.9631,22.5
1.7558,2.0393,0.9254,22.5
1.7558,2.0393,0.9254,22.5
1.7083,2.0014,0.8951,22.5
1.7083,2.0014,0.8951,22.5
1.6832,1.981,0.8801,22.5
1.6316,1.9382,0.8521,22.5
1.6316,1.9382,0.8521,22.5
1.5833,1.8971,0.8292,22.5
1.5833,1.8971,0.8292,22.5
1.559,1.1225,0.819,0.0
1.5077,1.1048,0.8007,0.0
1.5077,1.1048,0.8007,0.0
1.4845,1.813,0.7918,22.5
1.4339,1.7741,0.7748,22.5
1.4339,1.7741,0.7748,22.5
2.4055,1.7323,0.7733,0.0
2.4055,1.7323,0.7733,0.0
2.3828,1.7117,1.3743,0.0
2.3364,1.6768,1.3327,0.0
2.3364,1.6768,1.3327,0.0
2.3364,1.6768,1.3327,0.0
2.2582,1.6195,1.2635,0.0
2.2582,1.6195,1.2635,0.0
2.2295,1.5989,1.2385,0.0
2.1711,1.5579,1.188,0.0
2.1711,1.5579,1.188,0.0
2.1397,1.5364,1.1613,0.0
2.0735,1.4922,1.1057,0.0
2.0735,1.4922,1.1057,0.0
2.0142,1.4541,1.0572,0.0
2.0142,1.4541,1.0572,0.0
1.9843,1.4355,1.0333,0.0
1.9205,1.3973,0.9834,0.0
1.9205,1.3973,0.9834,0.0
1.8613,1.3636,0.9388,0.0
1.8613,1.3636,0.9388,0.0
1.8307,1.3469,0.9165,0.0
1.7679,1.3145,0.8726,0.0
1.7679,1.3145,0.8726,0.0
1.7097,1.2867,0.8344,0.0
1.7097,1.2867,0.8344,0.0
1.6803,1.2735,0.8161,0.0
1.6178,1.2475,0.7798,0.0
1.6178,1.2475,0.7798,0.0
1.56,1.226,0.7499,0.0
1.56,1.226,0.7499,0.0
1.5296,1.2158,0.7357,0.0
1.4685,1.1977,0.7107,0.0
1.4685,1.1977,0.7107,0.0
2.147,1.1838,0.6923,0.0
2.147,1.1838,0.6923,0.0
2.147,1.1838,0.6923,0.0
2.0537,1.9553,1.3268,0.0
2.0537,1.9553,1.3268,0.0
2.0219,1.9393,1.2981,0.0
1.9576,1.9081,1.2404,0.0
1.9576,1.9081,1.2404,0.0
1.8962,1.88,1.1861,0.0
1.8962,1.88,1.1861,0.0
1.8962,1.88,1.1861,0.0
1.8013,1.8397,1.1034,22.5
1.8013,1.8397,1.1034,22.5
1.7663,1.8258,1.0735,22.5
1.7079,1.7916,1.0312,22.5
1.7079,1.7916,1.0312,22.5
1.6784,1.7744,1.0108,22.5
1.6201,1.7408,0.9723,22.5
1.6201,1.7408,0.9723,22.5
1.5683,1.7115,0.9403,22.5
1.5683,1.7115,0.9403,22.5
1.5431,1.6975,0.9256,22.5
1.4976,1.6729,0.9003,22.5
1.4976,1.6729,0.9003,22.5
1.4515,1.6482,0.8771,22.5
2.1779,1.6363,0.867,0.0
2.1779,1.6363,0.867,0.0
2.1312,1.6123,0.8502,0.0
2.1312,1.6123,0.8502,0.0
2.0817,1.5863,0.8367,0.0
2.0817,1.5863,0.8367,0.0
2.0286,1.5597,0.8253,0.0
2.0014,1.5467,1.272,0.0
2.0014,1.5467,1.272,0.0
1.9433,1.52,1.2216,0.0
1.9433,1.52,1.2216,0.0
1.8814,1.4935,1.1687,0.0
1.8814,1.4935,1.1687,0.0
1.8503,1.481,1.1425,0.0
1.7834,1.4561,1.087,0.0
1.7834,1.4561,1.087,0.0
1.7506,1.4449,1.0603,0.0
1.6844,1.4242,1.0075,0.0
1.6844,1.4242,1.0075,0.0
1.623,1.4075,0.9599,0.0
1.623,1.4075,0.9599,0.0
1.5919,1.4001,0.9365,0.0
1.5319,2.3399,0.8926,22.5
1.5319,2.3399,0.8926,22.5
1.5,2.3244,0.8702,22.5
1.439,2.284,0.839,22.5
1.439,2.284,0.839,22.5
1.3848,1.3421,0.8149,0.0
1.3848,1.3421,0.8149,0.0
1.3588,1.334,0.8046,0.0
1.2984,2.1972,0.7791,22.5
1.2984,2.1972,0.7791,22.5
1.2424,2.1613,0.7642,22.5
1.2424,2.1613,0.7642,22.5
1.2163,2.1416,0.7617,22.5
1.1666,2.1037,1e+20,22.5
1.1666,2.1037,1e+20,22.5
1.1247,2.0712,1e+20,22.5
1.1247,2.0712,1e+20,22.5
1.1052,1.2619,1e+20,22.5
2.0439,1.2495,1.0672,0.0
2.0439,1.2495,1.0672,0.0
1.9985,1.238,1.0276,0.0
1.9985,1.238,1.0276,0.0
1.9721,1.9749,1.0045,22.5
1.9136,1.9361,0.9539,22.5
1.9136,1.9361,0.9539,22.5
1.9136,1.9361,0.9539,22.5
1.841,1.874,0.9007,22.5
1.841,1.874,0.9007,22.5
1.8008,1.8381,0.8736,22.5
1.8008,1.8381,0.8736,22.5
1.7806,1.8194,0.8609,22.5
1.7416,1.7819,0.8384,22.5
1.7416,1.7819,0.8384,22.5
3.4196,1.1453,0.8216,0.0
3.4196,1.1453,0.8216,0.0
3.4003,1.1379,0.8149,0.0
3.353,1.6931,0.7926,0.0
3.353,1.6931,0.7926,0.0
3.353,1.6931,0.7926,0.0
3.2733,1.6312,0.7603,0.0
3.2733,1.6312,0.7603,0.0
3.2446,1.6093,0.7505,0.0
3.1873,1.5663,0.734,0.0
3.1873,1.5663,0.734,0.0
3.1256,1.521,0.721,0.0
3.1256,1.521,0.721,0.0
3.0942,1.4985,1.4209,0.0
3.0281,1.4521,1.3644,0.0
3.0281,1.4521,1.3644,0.0
3.0281,1.4521,1.3644,0.0
2.9319,1.3877,1.284,0.0
2.9319,1.3877,1.284,0.0
2.8699,1.3483,1.2333,0.0
2.8699,1.3483,1.2333,0.0
2.8383,1.3289,1.208,0.0
2.7719,1.2897,1.1558,0.0
2.7719,1.2897,1.1558,0.0
2.7115,1.2562,1.1098,0.0
2.7115,1.2562,1.1098,0.0
2.6791,1.2391,1.0857,0.0
2.6136,1.2066,1.0385,0.0
2.6136,1.2066,1.0385,0.0
2.552,1.1786,0.9962,0.0
2.552,1.1786,0.9962,0.0
2.5209,1.1655,0.9756,0.0
2.4538,1.1397,0.9335,0.0
2.4538,1.1397,0.9335,0.0
2.3921,1.1192,0.8975,0.0
2.3921,1.1192,0.8975,0.0
2.3617,1.1103,0.8809,0.0
2.297,1.094,0.8483,0.0
2.297,1.094,0.8483,0.0
2.2368,1.6485,0.8217,0.0
2.2368,1.6485,0.8217,0.0
2.2055,1.6233,0.8093,0.0
2.1414,1.5725,0.7876,0.0
2.1414,1.5725,0.7876,0.0
2.0818,1.5263,0.7719,0.0
2.0818,1.5263,0.7719,0.0
2.0518,1.5033,0.7657,0.0
1.9877,1.4553,1.551,0.0
1.9877,1.4553,1.551,0.0
1.9282,1.4119,1.514,0.0
1.9282,1.4119,1.514,0.0
1.8972,1.3899,1.4953,0.0
1.8336,1.3458,1.4585,0.0
1.8336,1.3458,1.4585,0.0
1.7749,1.3067,1.4262,0.0
1.7749,1.3067,1.4262,0.0
1.7453,1.2876,1.4106,0.0
1.6819,1.2482,1.379,0.0
1.6819,1.2482,1.379,0.0
1.6234,1.2139,1.352,0.0
1.6234,1.2139,1.352,0.0
1.5931,1.1969,1.3389,0.0
1.5306,1.1639,1.3139,0.0
1.5306,1.1639,1.3139,0.0
1.4734,1.136,1.2934,0.0
1.4734,1.136,1.2934,0.0
1.4734,1.136,1.2934,0.0
1.952,1.099,1.2674,0.0
1.952,1.099,1.2674,0.0
1.8916,1.0782,1.2537,0.0
1.8916,1.0782,1.2537,0.0
1.8602,1.0687,1.2478,0.0
1.7984,1.0526,2.2848,-22.5
1.7984,1.0526,2.2848,-22.5
1.7984,1.0526,2.2848,-22.5
1.7108,1.1742,2.2419,-22.5
1.7108,1.1742,2.2419,-22.5
1.6584,1.1407,2.2083,-22.5
1.6584,1.1407,2.2083,-22.5
1.6104,1.1147,2.1738,-22.5
1.6104,1.1147,2.1738,-22.5
1.5875,1.1042,2.1559,-22.5
1.5417,1.0869,2.1173,-22.5
1.5417,1.0869,2.1173,-22.5
1.5001,1.0759,1.1083,0.0
1.5001,1.0759,1.1083,0.0
1.4795,1.0724,1.0942,0.0
1.428,1.0456,2.0311,-22.5
1.428,1.0456,2.0311,-22.5
1.3796,1.0271,2.001,-22.5
1.3796,1.0271,2.001,-22.5
1.3574,1.0228,1.9833,-22.5
1.3131,1.0189,1.9448,-22.5
1.3131,1.0189,1.9448,-22.5
1.2741,1.0211,1.9069,-22.5
1.2741,1.0211,1.9069,-22.5
2.1452,1.2553,1.887,0.0
2.0941,1.2165,1.8418,0.0
2.0941,1.2165,1.8418,0.0
2.0453,1.1737,1.8118,0.0
2.0453,1.1737,1.8118,0.0
2.0189,1.1508,1.796,0.0
1.9612,1.1012,1.7622,0.0
1.9612,1.1012,1.7622,0.0
1.9316,1.076,1.7453,0.0
1.8675,1.0225,1.7101,0.0
1.8675,1.0225,1.7101,0.0
1.8059,0.9722,1.6778,0.0
1.8059,0.9722,1.6778,0.0
1.7739,0.9466,1.6616,0.0
1.7086,0.8957,1.6302,0.0
1.7086,0.8957,1.6302,0.0
1.6456,0.8485,1.6018,0.0
1.6456,0.8485,1.6018,0.0
1.6146,0.826,1.5886,0.0
1.5487,0.7803,1.5622,-22.5
1.5487,0.7803,1.5622,-22.5
1.4883,0.7465,1.5328,-22.5
1.4883,0.7465,1.5328,-22.5
1.4593,0.7359,1.5139,-22.5
1.4027,0.7221,1.4733,-22.5
1.4027,0.7221,1.4733,-22.5
1.4027,0.7221,1.4733,-22.5
1.3308,0.72,1.4146,-22.5
1.3308,0.72,1.4146,-22.5
1.3083,3.4882,1.3944,0.0
1.3083,3.4882,1.3944,0.0
2.2552,1.2642,1.3623,0.0
2.2077,1.2181,1.34,0.0
2.2077,1.2181,1.34,0.0
3.4318,1.1935,1.3287,0.0
3.3722,1.1403,1.3057,0.0
3.3722,1.1403,1.3057,0.0
3.3125,1.0877,1.2851,0.0
3.3125,1.0877,1.2851,0.0
3.2807,1.0599,1.275,0.0
3.2151,1.0036,1.2568,0.0
3.2151,1.0036,1.2568,0.0
3.2151,1.0036,1.2568,0.0
3.1195,0.9237,1.236,0.0
3.1195,0.9237,1.236,0.0
3.0565,0.8729,1.889,0.0
3.0565,0.8729,1.889,0.0
2.994,0.8241,1.8475,0.0
2.994,0.8241,1.8475,0.0
2.9623,0.8002,1.827,0.0
2.8937,0.7504,1.7838,0.0
2.8937,0.7504,1.7838,0.0
2.8326,0.7088,1.7466,0.0
2.8326,0.7088,1.7466,0.0
2.8018,0.6889,1.7284,0.0
2.7406,0.6521,1.6934,0.0
2.7406,0.6521,1.6934,0.0
2.7091,0.6346,1.6759,0.0
2.6428,0.6017,1.6406,0.0
2.6428,0.6017,1.6406,0.0
2.5819,0.5766,1.6099,0.0
2.5819,0.5766,1.6099,0.0
2.551,0.5661,1.595,0.0
2.4853,0.5489,1.5649,0.0
2.4853,0.5489,1.5649,0.0
2.424,1.2961,1.5389,0.0
2.424,1.2961,1.5389,0.0
2.3923,1.2713,1.5262,0.0
2.3268,1.2211,1.5019,0.0
2.3268,1.2211,1.5019,0.0
2.266,1.1759,1.4816,0.0
2.266,1.1759,1.4816,0.0
2.2353,1.1537,1.4723,0.0
2.1699,1.1078,1.4544,0.0
2.1699,1.1078,1.4544,0.0
2.109,1.0668,1.4402,0.0
2.109,1.0668,1.4402,0.0
2.0773,1.0463,1.4338,0.0
2.013,1.0067,1.6167,0.0
2.013,1.0067,1.6167,0.0
1.9526,0.9718,1.5731,0.0
1.9526,0.9718,1.5731,0.0
1.9222,0.9553,1.5515,0.0
1.8565,0.9222,1.5062,0.0
1.8565,0.9222,1.5062,0.0
1.7958,0.8949,1.4656,0.0
1.7958,0.8949,1.4656,0.0
1.7643,0.8821,1.4452,0.0
1.7,0.8592,1.4047,0.0
1.7,0.8592,1.4047,0.0
1.6399,0.8418,1.3687,0.0
1.6399,0.8418,1.3687,0.0
1.6097,0.8347,1.3512,0.0
1.5454,2.1958,1.3157,22.5
1.5454,2.1958,1.3157,22.5
1.5454,2.1958,1.3157,22.5
1.4599,2.1528,1.2817,22.5
1.4599,2.1528,1.2817,22.5
1.4098,2.1234,1.2686,22.5
1.4098,2.1234,1.2686,22.5
1.4098,2.1234,1.2686,22.5
2.1308,2.0846,1.2556,0.0
2.1308,2.0846,1.2556,0.0
2.0825,2.0612,1.3015,0.0
2.0825,2.0612,1.3015,0.0
2.0303,2.0373,1.2563,22.5
2.0303,2.0373,1.2563,22.5
2.0021,2.0249,1.2322,22.5
1.9467,1.9916,1.1943,22.5
1.9467,1.9916,1.1943,22.5
1.8985,1.9626,1.163,22.5
1.8985,1.9626,1.163,22.5
1.8755,1.9488,1.1488,22.5
1.8292,1.9207,1.1217,22.5
1.8292,1.9207,1.1217,22.5
1.7877,1.8952,1.0995,22.5
1.7877,1.8952,1.0995,22.5
1.7657,1.8814,1.0887,22.5
1.7227,1.8537,1.0695,22.5
1.7227,1.8537,1.0695,22.5
1.7227,1.8537,1.0695,22.5
1.666,1.8157,1.0489,22.5
1.666,1.8157,1.0489,22.5
1.631,1.7907,1.0395,22.5
1.631,1.7907,1.0395,22.5
1.6137,1.7777,1.0361,22.5
1.5831,1.7534,1e+20,22.5
1.5831,1.7534,1e+20,22.5
1.5548,1.7289,1e+20,22.5
1.5548,1.7289,1e+20,22.5
2.7727,1.7167,1.5418,0.0
2.7429,1.6905,1.5166,0.0
2.7429,1.6905,1.5166,0.0
2.6941,1.6536,1.4734,0.0
2.6941,1.6536,1.4734,0.0
2.6678,1.6339,1.4502,0.0
2.6097,1.5912,1.3994,0.0
2.6097,1.5912,1.3994,0.0
2.5521,1.5499,1.3498,0.0
2.5521,1.5499,1.3498,0.0
2.5213,1.5282,1.3234,0.0
2.4553,1.483,1.2678,0.0
2.4553,1.483,1.2678,0.0
2.394,1.4424,1.2171,0.0
2.394,1.4424,1.2171,0.0
2.3621,1.4219,1.1911,0.0
2.297,1.3815,1.1391,0.0
2.297,1.3815,1.1391,0.0
2.2361,1.3455,1.0918,0.0
2.2361,1.3455,1.0918,0.0
2.2054,1.328,1.0684,0.0
2.141,1.2931,1.0209,0.0
2.141,1.2931,1.0209,0.0
2.08,1.2622,0.9777,0.0
2.08,1.2622,0.9777,0.0
2.0483,1.2471,0.9561,0.0
1.9841,1.2185,0.9142,0.0
1.9841,1.2185,0.9142,0.0
1.9841,1.2185,0.9142,0.0
1.8916,1.1824,0.8591,0.0
1.8916,1.1824,0.8591,0.0
1.8314,1.1624,0.8269,0.0
1.8314,1.1624,0.8269,0.0
1.8001,1.1531,0.8115,0.0
1.7353,1.1366,0.7829,0.0
1.7353,1.1366,0.7829,0.0
1.6738,2.1185,0.76,22.5
1.6738,2.1185,0.76,22.5
1.6419,2.0944,0.75,22.5
1.5866,2.0389,1e+20,22.5
1.5866,2.0389,1e+20,22.5
2.8612,1.9912,1.543,0.0
2.8612,1.9912,1.543,0.0
2.8385,1.968,1.5236,0.0
2.7774,1.918,1.4676,0.0
2.7774,1.918,1.4676,0.0
2.7171,1.8693,1.4129,0.0
2.7171,1.8693,1.4129,0.0
2.6849,1.8435,1.3839,0.0
2.6186,1.7912,1.3246,0.0
2.6186,1.7912,1.3246,0.0
2.6186,1.7912,1.3246,0.0
2.5268,1.7206,1.244,0.0
2.5268,1.7206,1.244,0.0
2.495,1.6966,1.2165,0.0
2.4329,1.6505,1.1634,0.0
2.4329,1.6505,1.1634,0.0
2.3718,1.6063,1.1122,0.0
2.3718,1.6063,1.1122,0.0
2.341,1.5845,1.0868,0.0
2.341,1.5845,1.0868,0.0
2.2744,1.5385,1.0331,0.0
2.2132,1.4976,0.9853,0.0
2.2132,1.4976,0.9853,0.0
2.1814,1.4769,0.9611,0.0
2.1171,1.4366,0.9139,0.0
2.1171,1.4366,0.9139,0.0
2.0564,1.4002,0.8715,0.0
2.0564,1.4002,0.8715,0.0
2.0258,1.3825,0.851,0.0
1.9621,1.3474,0.8107,0.0
1.9621,1.3474,0.8107,0.0
1.9621,1.3474,0.8107,0.0
1.8691,1.3003,0.7583,0.0
1.8691,1.3003,0.7583,0.0
1.8385,1.286,0.743,0.0
1.7809,1.2607,0.7171,0.0
1.7809,1.2607,0.7171,0.0
1.7224,1.2376,0.6951,0.0
1.7224,1.2376,0.6951,0.0
1.6929,1.2269,0.6859,0.0
1.6299,1.2063,0.6706,0.0
1.6299,1.2063,0.6706,0.0
1.6299,1.2063,0.6706,0.0
1.5415,1.1831,1e+20,0.0
1.5415,1.1831,1e+20,0.0
1.4838,2.0867,1e+20,22.5
1.4838,2.0867,1e+20,22.5
1.4549,2.0744,1e+20,22.5
1.9576,2.0397,1.4095,22.5
1.9576,2.0397,1.4095,22.5
1.9081,2.0064,1.3726,22.5
1.9081,2.0064,1.3726,22.5
1.885,1.9897,1.3566,22.5
1.8417,1.9553,1.329,22.5
1.8417,1.9553,1.329,22.5
1.8417,1.9553,1.329,22.5
1.7877,1.0614,1.3003,0.0
1.7877,1.0614,1.3003,0.0
1.7462,1.8738,1.2761,22.5
1.7462,1.8738,1.2761,22.5
1.7205,1.8592,1.2586,22.5
1.679,1.8241,1.2384,22.5
1.679,1.8241,1.2384,22.5
1.6408,1.7882,1.2237,22.5
1.6408,1.7882,1.2237,22.5
2.4047,1.7696,1.2182,0.0
2.3597,1.7282,1.2111,0.0
2.3597,1.7282,1.2111,0.0
2.3107,1.6969,1.1922,0.0
2.3107,1.6969,1.1922,0.0
2.2843,1.6805,1.1827,0.0
2.2246,1.6442,1.1633,0.0
2.2246,1.6442,1.1633,0.0
2.1667,1.6104,1.1471,0.0
2.1667,1.6104,1.1471,0.0
2.1357,1.5929,1.1397,0.0
2.0758,1.5602,1.1275,0.0
2.0758,1.5602,1.1275,0.0
2.044,1.5436,1.3111,0.0
1.9772,1.5102,1.2553,0.0
1.9772,1.5102,1.2553,0.0
1.9772,1.5102,1.2553,0.0
1.8839,1.4676,1.1794,0.0
1.8839,1.4676,1.1794,0.0
1.8524,1.4543,1.1544,0.0
1.793,1.4309,1.1083,0.0
1.793,1.4309,1.1083,0.0
1.7619,1.4195,1.0846,0.0
1.6975,1.3978,1.037,0.0
1.6975,1.3978,1.037,0.0
1.6975,1.3978,1.037,0.0
1.6049,1.3716,0.9722,0.0
1.6049,1.3716,0.9722,0.0
1.5444,1.3578,0.9325,0.0
1.5444,1.3578,0.9325,0.0
1.484,2.0528,0.8953,22.5
1.484,2.0528,0.8953,22.5
1.4537,2.0357,0.8777,22.5
1.4537,2.0357,0.8777,22.5
1.399,1.9877,0.8612,22.5
1.3765,1.9654,0.8575,22.5
2.4574,1.944,0.8561,0.0
2.4574,1.944,0.8561,0.0
2.4363,1.9216,0.8568,0.0
2.3793,1.8843,0.8425,0.0
2.3793,1.8843,0.8425,0.0
2.3511,1.8662,0.837,0.0
2.2883,1.827,1.1974,0.0
2.2883,1.827,1.1974,0.0
2.2296,1.7918,1.1429,0.0
2.2296,1.7918,1.1429,0.0
2.1992,1.7741,1.115,0.0
2.1373,1.7393,1.0587,0.0
2.1373,1.7393,1.0587,0.0
2.939,1.7086,1.0076,0.0
2.939,1.7086,1.0076,0.0
2.9081,1.6937,0.9822,0.0
2.8431,1.6639,0.9298,0.0
2.8431,1.6639,0.9298,0.0
2.7817,1.6377,0.8822,0.0
2.7817,1.6377,0.8822,0.0
2.7499,1.6249,0.8582,0.0
2.6845,1.6003,0.8108,0.0
2.6845,1.6003,0.8108,0.0
2.6845,1.6003,0.8108,0.0
2.5933,1.5701,0.7495,0.0
2.5933,1.5701,0.7495,0.0
2.5327,1.5529,0.7126,0.0
2.5327,1.5529,0.7126,0.0
2.5012,1.5448,0.6949,0.0
2.4406,1.5311,0.6638,0.0
2.4406,1.5311,0.6638,0.0
2.4406,1.5311,0.6638,0.0
2.3483,1.8119,0.6255,0.0
2.3483,1.8119,0.6255,0.0
2.2883,1.7678,0.6073,0.0
2.2883,1.7678,0.6073,0.0
2.2571,1.7453,0.6002,0.0
2.1931,1.7,1.4095,0.0
2.1931,1.7,1.4095,0.0
2.1338,1.6592,1.36,0.0
2.1338,1.6592,1.36,0.0
2.1038,1.639,1.3354,0.0
2.0402,1.5973,1.2839,0.0
2.0402,1.5973,1.2839,0.0
1.9809,1.5599,1.237,0.0
1.9809,1.5599,1.237,0.0
1.9809,1.5599,1.237,0.0
1.8899,1.5054,1.1676,0.0
1.8899,1.5054,1.1676,0.0
1.8601,1.4884,1.1456,0.0
1.8026,1.4569,1.1044,0.0
1.8026,1.4569,1.1044,0.0
1.772,1.4408,1.0832,0.0
1.7094,1.4096,1.0413,0.0
1.7094,1.4096,1.0413,0.0
1.7094,1.4096,1.0413,0.0
1.6209,1.3696,0.9866,0.0
1.6209,1.3696,0.9866,0.0
1.5912,1.3573,0.9694,0.0
1.5353,1.3359,0.9392,0.0
1.5353,1.3359,0.9392,0.0
2.2157,1.3165,0.9114,0.0
2.2157,1.3165,0.9114,0.0
2.1847,1.3076,0.8987,0.0
2.1174,1.2909,0.8742,0.0
2.1174,1.2909,0.8742,0.0
2.0556,2.255,0.8558,22.5
2.0556,2.255,0.8558,22.5
2.0235,2.2398,0.8479,22.5
1.9601,2.1947,1.2568,22.5
1.9601,2.1947,1.2568,22.5
1.9312,2.1723,1.2375,22.5
1.8758,2.1253,1.2043,22.5
1.8758,2.1253,1.2043,22.5
1.8282,1.1751,1.1805,0.0
1.8282,1.1751,1.1805,0.0
1.8053,1.1601,1.1709,0.0
1.753,2.0258,1.1363,22.5
1.753,2.0258,1.1363,22.5
1.7031,1.9904,1.109,22.5
1.7031,1.9904,1.109,22.5
1.6802,1.97,1.1001,22.5
1.6361,1.9274,1.0869,22.5
1.6361,1.9274,1.0869,22.5
1.6361,1.9274,1.0869,22.5
2.5108,1.8616,1.0783,0.0
2.5108,1.8616,1.0783,0.0
2.4873,1.8389,1.0783,0.0
2.4396,1.8061,1.0662,0.0
2.4396,1.8061,1.0662,0.0
2.3878,1.7712,1.0553,0.0
2.3878,1.7712,1.0553,0.0
2.3597,1.7526,1.4443,0.0
2.298,1.7128,1.3906,0.0
2.298,1.7128,1.3906,0.0
2.2374,1.6751,1.3387,0.0
2.2374,1.6751,1.3387,0.0
2.2068,1.6565,1.3129,0.0
2.1419,1.6185,1.2587,0.0
2.1419,1.6185,1.2587,0.0
2.0812,1.5845,1.209,0.0
2.0812,1.5845,1.209,0.0
2.0496,1.5675,1.1835,0.0
1.9848,1.5342,1.1325,0.0
1.9848,1.5342,1.1325,0.0
1.9248,1.5052,1.0866,0.0
1.9248,1.5052,1.0866,0.0
1.8944,1.4913,1.0639,0.0
1.8298,1.4634,1.0172,0.0
1.8298,1.4634,1.0172,0.0
1.7696,1.4396,0.9757,0.0
1.7696,1.4396,0.9757,0.0
1.7383,1.4282,0.955,0.0
1.6797,1.4085,0.9179,0.0
1.6797,1.4085,0.9179,0.0
1.6496,1.3992,0.8997,0.0
1.5861,1.3818,0.864,0.0
1.5861,1.3818,0.864,0.0
1.5262,1.7019,0.8335,22.5
1.5262,1.7019,0.8335,22.5
1.4951,1.6781,0.8192,22.5
1.4391,1.6188,0.8106,22.5
1.4391,1.6188,0.8106,22.5
2.4047,1.3197,0.8105,0.0
3.3516,1.2893,1.3652,0.0
3.3516,1.2893,1.3652,0.0
3.2969,1.4837,1.3165,0.0
3.2969,1.4837,1.3165,0.0
3.2677,1.46,1.2907,0.0
3.2031,1.4084,1.2343,0.0
3.2031,1.4084,1.2343,0.0
3.1436,1.362,1.1834,0.0
3.1436,1.362,1.1834,0.0
3.1135,1.339,1.158,0.0
3.0488,1.2907,1.1044,0.0
3.0488,1.2907,1.1044,0.0
2.9891,1.2476,1.0563,0.0
2.9891,1.2476,1.0563,0.0
2.9581,1.2259,1.0319,0.0
2.9,1.1863,0.9873,0.0
2.9,1.1863,0.9873,0.0
2.87,1.1667,0.965,0.0
2.8082,1.1277,0.9206,0.0
2.8082,1.1277,0.9206,0.0
2.7488,1.0926,0.8802,0.0
2.7488,1.0926,0.8802,0.0
2.7179,1.0753,0.8603,0.0
2.6599,1.0448,0.825,0.0
2.6599,1.0448,0.825,0.0
2.6302,1.0301,0.8081,0.0
2.5679,1.002,0.7756,0.0
2.5679,1.002,0.7756,0.0
2.506,0.9776,0.7476,0.0
2.506,0.9776,0.7476,0.0
2.4753,0.9669,0.7355,0.0
2.415,0.9489,0.7156,0.0
2.415,0.9489,0.7156,0.0
2.3564,1.654,0.7014,0.0
2.3564,1.654,0.7014,0.0
2.327,1.6294,1.4577,0.0
3.3755,1.5779,1.4102,0.0
3.3755,1.5779,1.4102,0.0
3.3139,1.5322,1.3686,0.0
3.3139,1.5322,1.3686,0.0
3.2812,1.5083,1.347,0.0
3.2137,1.4602,1.3041,0.0
3.2137,1.4602,1.3041,0.0
3.2137,1.4602,1.3041,0.0
3.1178,1.3946,1.2469,0.0
3.1178,1.3946,1.2469,0.0
3.0854,1.3733,1.2287,0.0
3.0237,1.334,1.1957,0.0
3.0237,1.334,1.1957,0.0
2.9613,1.296,1.1647,0.0
2.9613,1.296,1.1647,0.0
2.9298,1.2775,1.15,0.0
2.8691,1.2434,1.1238,0.0
2.8691,1.2434,1.1238,0.0
2.8368,1.2262,1.1109,0.0
2.7717,1.1933,1.0875,0.0
2.7717,1.1933,1.0875,0.0
2.7098,1.1646,1.0685,0.0
2.7098,1.1646,1.0685,0.0
2.6785,1.1511,1.0601,0.0
2.6117,1.1247,1.0452,0.0
2.6117,1.1247,1.0452,0.0
2.6117,1.1247,1.0452,0.0
2.5154,1.0928,1.5099,0.0
2.5154,1.0928,1.5099,0.0
2.4531,1.0763,1.4599,0.0
2.4531,1.0763,1.4599,0.0
2.4216,1.0693,1.435,0.0
2.356,1.7256,1.3841,0.0
2.356,1.7256,1.3841,0.0
2.2936,1.6799,1.3368,0.0
2.2936,1.6799,1.3368,0.0
2.2612,1.6566,1.3128,0.0
2.1942,1.6095,1.2643,0.0
2.1942,1.6095,1.2643,0.0
2.1323,1.5673,1.2211,0.0
2.1323,1.5673,1.2211,0.0
2.1007,1.5463,1.1997,0.0
2.0339,1.5031,1.1561,0.0
2.0339,1.5031,1.1561,0.0
2.0011,1.4825,1.1355,0.0
1.9325,1.441,1.0945,0.0
1.9325,1.441,1.0945,0.0
1.8709,1.4056,1.0601,0.0
1.8709,1.4056,1.0601,0.0
1.8398,1.3885,1.0438,0.0
1.7738,1.3537,1.0114,0.0
1.7738,1.3537,1.0114,0.0
1.7122,1.3235,0.9843,0.0
1.7122,1.3235,0.9843,0.0
1.7122,1.3235,0.9843,0.0
1.6197,1.2826,0.95,0.0
1.6197,1.2826,0.95,0.0
1.5582,1.2585,0.9317,0.0
1.5582,1.2585,0.9317,0.0
1.5271,1.2473,0.924,0.0
1.4619,1.2262,1e+20,0.0
1.4619,1.2262,1e+20,0.0
1.4294,1.2169,1e+20,0.0
1.3618,1.2002,1e+20,0.0
1.3618,1.2002,1e+20,0.0
1.3012,2.3012,1e+20,22.5
1.3012,2.3012,1e+20,22.5
1.2706,2.2811,1e+20,22.5
1.2131,2.2275,1e+20,22.5
1.2131,2.2275,1e+20,22.5
2.4094,2.1777,1.1644,0.0
2.4094,2.1777,1.1644,0.0
2.3803,2.1521,1.1409,0.0
2.3202,2.1096,1.0874,0.0
2.3202,2.1096,1.0874,0.0
2.2614,2.0689,1.0359,0.0
2.2614,2.0689,1.0359,0.0
2.23,2.0475,1.0086,0.0
2.1609,2.0014,0.9497,0.0
2.1609,2.0014,0.9497,0.0
2.0978,1.9604,0.8972,0.0
2.0978,1.9604,0.8972,0.0
2.0651,1.9397,0.8705,0.0
1.9977,1.8979,0.8169,0.0
1.9977,1.8979,0.8169,0.0
1.9353,1.8607,0.7694,0.0
1.9353,1.8607,0.7694,0.0
1.9039,1.8425,0.7462,0.0
1.8354,1.804,0.6981,0.0
1.8354,1.804,0.6981,0.0
1.7727,1.7704,0.6572,0.0
1.7727,1.7704,0.6572,0.0
1.7402,1.7535,0.6374,22.5
1.6721,1.7198,0.5997,22.5
1.6721,1.7198,0.5997,22.5
1.6124,1.6775,0.5846,22.5
1.6124,1.6775,0.5846,22.5
1.5827,1.6555,0.5807,22.5
1.5204,1.6078,1e+20,22.5
1.5204,1.6078,1e+20,22.5
1.5204,1.6078,1e+20,22.5
1.4411,1.5447,1e+20,22.5
1.4411,1.5447,1e+20,22.5
2.739,1.5051,1.3928,0.0
2.739,1.5051,1.3928,0.0
2.7112,1.4843,1.368,0.0
2.6623,1.4545,1.3232,0.0
2.6623,1.4545,1.3232,0.0
2.6102,1.4239,1.276,0.0
2.6102,1.4239,1.276,0.0
2.5821,1.408,1.2507,0.0
2.5201,1.3743,1.1954,0.0
2.5201,1.3743,1.1954,0.0
2.4596,1.3435,1.1423,0.0
2.4596,1.3435,1.1423,0.0
2.429,1.3288,1.1158,0.0
2.3627,1.299,1.0592,0.0
2.3627,1.299,1.0592,0.0
2.3018,1.2741,1.0084,0.0
2.3018,1.2741,1.0084,0.0
2.2703,1.2623,0.9827,0.0
2.205,1.2402,0.9307,0.0
2.205,1.2402,0.9307,0.0
2.1451,1.2229,0.8848,0.0
2.1451,1.2229,0.8848,0.0
2.115,1.2153,0.8625,0.0
2.0504,1.9953,0.8167,0.0
2.0504,1.9953,0.8167,0.0
2.0504,1.9953,0.8167,0.0
1.958,1.9167,0.7565,0.0
1.958,1.9167,0.7565,0.0
1.9277,1.8913,0.7385,0.0
1.8664,1.8403,0.705,0.0
1.8664,1.8403,0.705,0.0
1.8071,1.7916,0.6768,0.0
1.8071,1.7916,0.6768,0.0
1.7764,1.7667,0.6642,0.0
1.7135,1.7162,0.6425,22.5
1.7135,1.7162,0.6425,22.5
2.6153,1.6671,1.6595,0.0
2.6153,1.6671,1.6595,0.0
2.5859,1.6401,1.6344,0.0
2.5218,1.5913,1.5765,0.0
2.5218,1.5913,1.5765,0.0
2.4596,1.5451,1.5209,0.0
2.4596,1.5451,1.5209,0.0
2.4274,1.5216,1.4923,0.0
2.3623,1.4752,1.435,0.0
2.3623,1.4752,1.435,0.0
2.3006,1.4328,1.3815,0.0
2.3006,1.4328,1.3815,0.0
2.2695,1.4119,1.3548,0.0
2.2041,1.3693,1.2993,0.0
2.2041,1.3693,1.2993,0.0
2.1715,1.3488,1.2719,0.0
2.1053,1.3088,1.2174,0.0
2.1053,1.3088,1.2174,0.0
2.0434,1.2735,1.1677,0.0
2.0434,1.2735,1.1677,0.0
2.0434,1.2735,1.1677,0.0
1.9528,1.2258,1.0972,0.0
1.9528,1.2258,1.0972,0.0
1.892,1.1967,1.0518,0.0
1.892,1.1967,1.0518,0.0
1.8606,1.1827,1.029,0.0
1.8004,1.1579,0.9869,0.0
1.8004,1.1579,0.9869,0.0
1.74,1.1358,0.9467,0.0
1.74,1.1358,0.9467,0.0
1.7095,1.1259,0.9273,0.0
1.7095,1.1259,0.9273,0.0
1.6417,1.1066,0.8867,0.0
1.6105,1.0991,0.8693,0.0
1.5817,1.862,0.854,22.5
1.5817,1.862,0.854,22.5
1.5506,1.8395,0.8383,22.5
1.4923,1.7831,0.8236,22.5
1.4923,1.7831,0.8236,22.5
2.4748,1.7564,0.8192,0.0
2.4195,1.7074,1.4175,0.0
2.4195,1.7074,1.4175,0.0
2.3633,1.664,1.3675,0.0
2.3349,1.6424,1.3424,0.0
2.3046,1.6195,1.3158,0.0
2.2747,1.5972,1.2897,0.0
2.2747,1.5972,1.2897,0.0
2.2432,1.5741,1.2626,0.0
2.1818,1.5299,1.2102,0.0
2.1818,1.5299,1.2102,0.0
2.1501,1.5076,1.1835,0.0
2.0855,1.4633,1.1302,0.0
2.0855,1.4633,1.1302,0.0
2.0261,1.4241,1.0824,0.0
2.0261,1.4241,1.0824,0.0
2.0261,1.4241,1.0824,0.0
1.9378,1.3687,1.0141,0.0
1.9378,1.3687,1.0141,0.0
1.9073,1.3505,0.9913,0.0
1.8488,1.3169,0.949,0.0
1.8488,1.3169,0.949,0.0
1.7902,1.2853,0.9088,0.0
1.7902,1.2853,0.9088,0.0
1.7608,1.2702,0.8895,0.0
1.7608,1.2702,0.8895,0.0
1.6984,1.2402,0.8508,0.0
1.6684,1.2267,0.8333,0.0
1.6404,1.2147,0.8178,0.0
1.6102,1.2025,0.802,0.0
2.2802,1.18,0.7731,0.0
2.2802,1.18,0.7731,0.0
2.2802,1.18,0.7731,0.0
2.1853,1.1536,0.74,0.0
2.1853,1.1536,0.74,0.0
2.1234,1.9578,0.7243,0.0
2.1234,1.9578,0.7243,0.0
2.0912,1.9405,0.7182,0.0
2.0912,1.9405,0.7182,0.0
2.0255,1.9062,1.3179,0.0
1.9941,1.8904,1.2901,0.0
1.9634,1.8754,1.2631,0.0
1.9324,1.8606,1.2359,0.0
1.9324,1.8606,1.2359,0.0
1.8662,1.8304,1.1785,0.0
1.8342,1.8164,1.1511,0.0
1.8043,1.8039,1.1258,0.0
1.7722,1.7908,1.0988,22.5
1.7722,1.7908,1.0988,22.5
1.7084,1.7603,1.0494,22.5
1.6795,1.7435,1.0298,22.5
1.6525,1.7278,1.012,22.5
1.625,1.7119,0.9945,22.5
1.5711,1.681,0.962,22.5
1.5711,1.681,0.962,22.5
1.5711,1.681,0.962,22.5
1.5014,1.6422,0.9239,22.5
1.5014,1.6422,0.9239,22.5
1.478,1.6292,0.9123,22.5
2.305,1.6048,0.8921,0.0
2.305,1.6048,0.8921,0.0
2.2588,1.5811,0.8757,0.0
2.2588,1.5811,0.8757,0.0
2.2343,1.5684,0.8684,0.0
2.1843,1.5436,0.8555,0.0
2.1843,1.5436,0.8555,0.0
2.1843,1.5436,0.8555,0.0
2.1001,1.5046,1.2484,0.0
2.1001,1.5046,1.2484,0.0
2.0705,1.4919,1.2222,0.0
2.0093,1.4671,1.1689,0.0
2.0093,1.4671,1.1689,0.0
1.9489,1.4448,1.117,0.0
1.9489,1.4448,1.117,0.0
1.9185,1.4344,1.0913,0.0
1.8588,1.4159,1.0416,0.0
1.8588,1.4159,1.0416,0.0
1.8588,1.4159,1.0416,0.0
1.7672,1.3921,0.9677,0.0
1.7672,1.3921,0.9677,0.0
1.7358,1.3853,0.9431,0.0
1.6684,1.9681,0.8921,22.5
1.6684,1.9681,0.8921,22.5
1.6104,1.9267,0.8535,22.5
1.6104,1.9267,0.8535,22.5
1.5834,1.9042,0.8384,22.5
1.5834,1.9042,0.8384,22.5
2.3624,1.8593,0.8114,0.0
2.3356,1.8396,0.8009,0.0
2.3088,1.8216,0.7889,0.0
2.3088,1.8216,0.7889,0.0
2.2799,1.8023,0.7769,0.0
2.2161,1.7607,0.7537,0.0
2.2161,1.7607,0.7537,0.0
2.1553,1.7224,0.7364,0.0
2.1553,1.7224,0.7364,0.0
2.1237,1.703,0.7292,0.0
2.0578,1.6639,1.2562,0.0
2.0578,1.6639,1.2562,0.0
1.9976,1.6297,1.2038,0.0
1.9976,1.6297,1.2038,0.0
1.9673,1.6131,1.1777,0.0
1.9023,1.5789,1.1225,0.0
1.9023,1.5789,1.1225,0.0
1.842,1.549,1.0724,0.0
1.842,1.549,1.0724,0.0
1.8106,1.5342,1.0468,0.0
1.7475,1.5061,0.9964,0.0
1.7475,1.5061,0.9964,0.0
1.6878,1.4816,0.9503,0.0
1.6878,1.4816,0.9503,0.0
1.6576,1.47,0.9276,0.0
1.5949,1.4478,0.8822,0.0
1.5949,1.4478,0.8822,0.0
1.5355,1.4291,0.8414,0.0
1.5355,1.4291,0.8414,0.0
1.5046,1.4204,0.8212,0.0
1.4423,1.4048,0.7829,0.0
1.4423,1.4048,0.7829,0.0
1.3836,2.4844,0.75,22.5
1.3836,2.4844,0.75,22.5
1.3541,2.4558,0.7349,22.5
1.2976,2.6523,0.7215,22.5
1.2976,2.6523,0.7215,22.5
1.2446,2.62,0.7137,22.5
1.2206,2.6054,0.7118,22.5
1.2206,2.6054,0.7118,22.5
1.1968,1.3362,1e+20,22.5
1.1496,1.3224,1e+20,22.5
1.1496,1.3224,1e+20,22.5
1.1084,1.3103,1e+20,22.5
1.1084,1.3103,1e+20,22.5
1.0874,1.3041,1e+20,22.5
1.0469,1.2918,1e+20,22.5
1.0469,1.2918,1e+20,22.5
1.0106,1.2802,1e+20,22.5
1.0106,1.2802,1e+20,22.5
0.9932,1.2744,1e+20,22.5
0.9932,1.2744,1e+20,22.5
0.9574,1.2612,1e+20,22.5
0.9409,1.2545,1e+20,22.5
0.9266,1.2483,1e+20,22.5
0.9129,1.2421,1e+20,22.5
0.8858,1.2278,1e+20,22.5
0.8858,1.2278,1e+20,22.5
0.8629,1.2131,1e+20,22.5
0.8629,1.2131,1e+20,22.5
0.8519,1.2047,1e+20,22.5
0.8519,1.2047,1e+20,22.5
1.9265,1.1869,0.833,0.0
1.9176,1.1779,0.8254,0.0
1.8959,1.1673,0.8055,0.0
1.8959,1.1673,0.8055,0.0
1.8488,1.1454,0.7628,0.0
1.8249,1.1349,0.7414,0.0
1.799,1.1241,0.7185,0.0
1.7449,1.1033,0.6715,0.0
1.7449,1.1033,0.6715,0.0
1.6889,1.0846,0.6247,0.0
1.6889,1.0846,0.6247,0.0
1.659,1.0758,0.6005,0.0
1.659,1.0758,0.6005,0.0
1.5977,1.0605,0.5534,0.0
2.8803,1.988,0.5312,0.0
2.8502,1.9638,0.512,0.0
2.8177,1.9379,0.4926,0.0
2.7514,1.8856,0.4577,0.0
2.7514,1.8856,0.4577,0.0
2.6893,1.8374,0.4321,0.0
2.6893,1.8374,0.4321,0.0
2.658,1.8135,0.4221,0.0
2.658,1.8135,0.4221,0.0
2.5903,1.7626,1.3022,0.0
2.558,1.7387,1.2734,0.0
2.528,1.7167,1.2469,0.0
2.4955,1.6933,1.2184,0.0
2.4301,1.647,1.1616,0.0
2.4301,1.647,1.1616,0.0
2.4301,1.647,1.1616,0.0
2.3354,1.5826,1.0814,0.0
2.3354,1.5826,1.0814,0.0
2.2737,1.5423,1.0305,0.0
2.2737,1.5423,1.0305,0.0
2.2416,1.522,1.0046,0.0
2.1777,1.4827,0.9542,0.0
2.1777,1.4827,0.9542,0.0
2.1462,1.4641,0.93,0.0
2.085,1.4291,0.8844,0.0
2.085,1.4291,0.8844,0.0
2.0533,1.4118,0.8616,0.0
1.9906,1.379,0.8184,0.0
1.9906,1.379,0.8184,0.0
1.9906,1.379,0.8184,0.0
1.8977,1.3347,0.7599,0.0
1.8977,1.3347,0.7599,0.0
1.8371,1.3087,0.7259,0.0
1.8371,1.3087,0.7259,0.0
1.8057,1.2961,0.7098,0.0
1.8057,1.2961,0.7098,0.0
1.7417,1.2727,0.6805,0.0
1.7115,1.2627,0.6685,0.0
1.6819,1.2536,0.658,0.0
1.6517,1.245,0.6486,0.0
1.5883,1.2293,0.6334,0.0
1.5883,1.2293,0.6334,0.0
1.5568,2.127,1e+20,22.5
1.5568,2.127,1e+20,22.5
1.4961,2.0725,1e+20,22.5
2.7929,2.0234,1.4522,0.0
2.7929,2.0234,1.4522,0.0
2.7701,1.9996,1.4326,0.0
2.7701,1.9996,1.4326,0.0
2.7116,1.9507,1.379,0.0
2.682,1.9263,1.3521,0.0
2.6529,1.9023,1.3258,0.0
2.6214,1.8766,1.2975,0.0
2.6214,1.8766,1.2975,0.0
2.5577,1.8252,1.2407,0.0
2.5275,1.8011,1.2141,0.0
2.4978,1.7777,1.1882,0.0
2.4978,1.7777,1.1882,0.0
2.4676,1.754,1.162,0.0
2.4026,1.7039,1.1065,0.0
2.4026,1.7039,1.1065,0.0
2.3408,1.6572,1.0548,0.0
2.3111,1.6351,1.0305,0.0
2.281,1.6131,1.0061,0.0
2.2513,1.5916,0.9825,0.0
2.2513,1.5916,0.9825,0.0
2.2213,1.5702,0.959,0.0
2.1618,1.5287,0.9138,0.0
2.1618,1.5287,0.9138,0.0
2.1023,1.4886,0.8704,0.0
2.1023,1.4886,0.8704,0.0
2.0714,1.4682,0.8488,0.0
2.0075,1.4276,0.8064,0.0
2.0075,1.4276,0.8064,0.0
1.9489,1.392,0.7704,0.0
1.9489,1.392,0.7704,0.0
1.9193,1.3747,0.7535,0.0
1.8572,1.34,0.7211,0.0
1.8572,1.34,0.7211,0.0
1.7988,1.3094,0.6949,0.0
1.7988,1.3094,0.6949,0.0
1.7685,1.2944,0.6831,0.0
1.707,1.2658,0.6633,0.0
1.707,1.2658,0.6633,0.0
1.6497,1.2416,0.6504,0.0
1.6497,1.2416,0.6504,0.0
2.9728,1.2304,1.6209,0.0
2.9728,1.2304,1.6209,0.0
2.908,1.2089,1.5602,0.0
2.8766,1.1997,1.5309,0.0
2.8473,1.1919,1.5037,0.0
2.8473,1.1919,1.5037,0.0
2.7868,1.1778,1.4476,0.0
2.7568,1.9892,1.42,0.0
2.7568,1.9892,1.42,0.0
2.696,1.9386,1.3645,0.0
2.6668,1.9146,1.3381,0.0
2.6668,1.9146,1.3381,0.0
2.6355,1.889,1.3099,0.0
2.5683,1.8346,1.2498,0.0
2.5683,1.8346,1.2498,0.0
2.507,1.7858,1.1959,0.0
2.4783,1.7633,1.171,0.0
2.4783,1.7633,1.171,0.0
2.4187,1.7171,1.1198,0.0
2.4187,1.7171,1.1198,0.0
2.3876,1.6934,1.0935,0.0
2.3244,1.646,1.041,0.0
2.3244,1.646,1.041,0.0
2.2637,1.6015,0.9919,0.0
2.2637,1.6015,0.9919,0.0
2.2046,1.5594,0.9457,0.0
2.1747,1.5386,0.9229,0.0
2.1747,1.5386,0.9229,0.0
2.1443,1.5178,0.9003,0.0
2.0762,1.4724,0.8516,0.0
2.0762,1.4724,0.8516,0.0
2.0174,1.4348,0.8121,0.0
2.0174,1.4348,0.8121,0.0
1.9878,1.4165,0.7933,0.0
1.9878,1.4165,0.7933,0.0
1.9219,1.3773,0.7543,0.0
1.9219,1.3773,0.7543,0.0
1.8312,1.3272,0.7081,0.0
1.8312,1.3272,0.7081,0.0
1.773,1.2976,0.6839,0.0
1.773,1.2976,0.6839,0.0
1.7438,1.2837,0.6736,0.0
1.6789,1.2547,0.6554,0.0
1.6789,1.2547,0.6554,0.0
2.2028,1.2315,1.621,0.0
2.2028,1.2315,1.621,0.0
2.1704,1.2206,1.5912,0.0
2.1012,1.1999,1.5278,0.0
2.1012,1.1999,1.5278,0.0
2.0391,1.1846,1.4715,0.0
2.0391,1.1846,1.4715,0.0
2.0078,2.0823,1.4433,22.5
1.9395,2.0523,1.3822,22.5
1.9395,2.0523,1.3822,22.5
1.8838,2.0157,1.3404,22.5
1.8838,2.0157,1.3404,22.5
1.8578,1.9972,1.3223,22.5
1.8076,1.9581,1.2906,22.5
1.8076,1.9581,1.2906,22.5
1.7678,1.923,1.2691,22.5
1.7678,1.923,1.2691,22.5
1.7496,1.0763,1.2606,0.0
1.7496,1.0763,1.2606,0.0
1.7076,1.8713,1.238,22.5
1.6836,1.8574,1.2224,22.5
1.6637,1.8406,1.2131,22.5
1.6637,1.8406,1.2131,22.5
1.6443,1.8234,1.2048,22.5
2.3919,1.7831,1.1908,0.0
2.3919,1.7831,1.1908,0.0
2.3447,1.7479,1.176,0.0
2.3199,1.7326,1.1658,0.0
2.2931,1.7164,1.1553,0.0
2.2667,1.7006,1.1455,0.0
2.2667,1.7006,1.1455,0.0
2.238,1.6839,1.1355,0.0
2.178,1.6498,1.1167,0.0
2.178,1.6498,1.1167,0.0
2.1158,1.6162,1.1004,0.0
2.1158,1.6162,1.1004,0.0
2.0846,1.6,1.0934,0.0
2.0154,1.5657,1.271,0.0
2.0154,1.5657,1.271,0.0
1.9825,1.5502,1.243,0.0
1.9825,1.5502,1.243,0.0
1.9132,1.5194,1.1849,0.0
1.8822,1.5065,1.1593,0.0
1.8516,1.4943,1.1344,0.0
1.8516,1.4943,1.1344,0.0
1.8205,1.4824,1.1092,0.0
1.7603,1.4611,1.0617,0.0
1.7603,1.4611,1.0617,0.0
1.7286,1.4508,1.0371,0.0
1.662,1.4312,0.9871,0.0
1.662,1.4312,0.9871,0.0
1.6011,1.4159,0.9431,0.0
1.6011,1.4159,0.9431,0.0
1.5404,2.1282,0.9013,22.5
1.5111,2.1118,0.882,22.5
1.5111,2.1118,0.882,22.5
1.4592,2.068,0.8602,22.5
1.4592,2.068,0.8602,22.5
1.4355,2.0457,0.853,22.5
1.391,1.3325,0.8456,0.0
1.391,1.3325,0.8456,0.0
2.2225,1.313,0.8374,0.0
2.2225,1.313,0.8374,0.0
2.1952,1.943,0.8296,0.0
2.1327,1.9039,0.815,0.0
2.1327,1.9039,0.815,0.0
2.0733,1.8681,1.214,0.0
2.0733,1.8681,1.214,0.0
2.0415,1.8494,1.1856,0.0
1.9743,1.8111,1.1263,0.0
1.9743,1.8111,1.1263,0.0
1.9138,1.7782,1.0739,0.0
1.9138,1.7782,1.0739,0.0
1.8812,1.761,1.046,0.0
1.8812,1.761,1.046,0.0
1.8114,1.7259,0.9873,0.0
1.8114,1.7259,0.9873,0.0
1.7172,1.6819,0.9107,0.0
1.7172,1.6819,0.9107,0.0
1.6854,1.6681,0.8857,0.0
1.6236,1.6426,0.8384,22.5
1.6236,1.6426,0.8384,22.5
1.5666,1.6135,0.8009,22.5
1.5666,1.6135,0.8009,22.5
1.5409,1.595,0.7882,22.5
1.491,1.554,0.7695,22.5
1.491,1.554,0.7695,22.5
2.7837,1.5159,0.7618,0.0
2.7837,1.5159,0.7618,0.0
2.7837,1.5159,0.7618,0.0
2.7072,1.4732,0.745,0.0
2.7072,1.4732,0.745,0.0
2.6527,1.45,0.7314,0.0
2.6527,1.45,0.7314,0.0
2.6234,1.4382,0.7256,0.0
2.6234,1.4382,0.7256,0.0
2.5595,1.4144,1.2607,0.0
2.5276,1.4034,1.2336,0.0
2.4979,1.3938,1.2086,0.0
2.4979,1.3938,1.2086,0.0
2.4658,1.3841,1.1819,0.0
2.3975,1.3658,1.126,0.0
2.3975,1.3658,1.126,0.0
2.3663,1.3585,1.1008,0.0
2.2981,1.8314,1.0473,0.0
2.2981,1.8314,1.0473,0.0
2.2367,1.7901,1.0007,0.0
2.2367,1.7901,1.0007,0.0
2.2049,1.7692,0.9772,0.0
2.1366,1.7256,0.9287,0.0
2.1366,1.7256,0.9287,0.0
2.0759,1.6882,0.8878,0.0
2.0759,1.6882,0.8878,0.0
2.0451,1.6697,0.8679,0.0
1.9772,1.6304,0.8267,0.0
1.9772,1.6304,0.8267,0.0
1.9162,1.5968,0.7931,0.0
1.9162,1.5968,0.7931,0.0
1.8845,1.58,0.7769,0.0
1.8244,1.5495,0.7493,0.0
1.8244,1.5495,0.7493,0.0
1.7938,1.5347,0.7367,0.0
1.7267,1.5039,0.7133,0.0
1.7267,1.5039,0.7133,0.0
1.6658,1.4781,0.6973,0.0
1.6658,1.4781,0.6973,0.0
1.6342,1.4656,0.6911,0.0
1.5678,1.4414,1.9614,-22.5
1.5678,1.4414,1.9614,-22.5
1.5119,1.4285,1.9239,-22.5
1.5119,1.4285,1.9239,-22.5
1.4864,1.4266,1.9035,-22.5
2.4682,1.4361,1.8624,0.0
2.4682,1.4361,1.8624,0.0
2.4172,1.3917,1.8287,0.0
2.4172,1.3917,1.8287,0.0
2.3887,1.3663,1.8114,0.0
2.3237,1.3087,1.773,0.0
2.3237,1.3087,1.773,0.0
2.3237,1.3087,1.773,0.0
2.2284,1.2256,1.7197,0.0
2.2284,1.2256,1.7197,0.0
2.1961,1.1979,1.7025,0.0
2.1343,1.1456,1.6708,0.0
2.1343,1.1456,1.6708,0.0
2.103,1.1195,1.6554,0.0
2.0399,1.0677,1.6258,0.0
2.0399,1.0677,1.6258,0.0
1.9776,1.0178,1.5984,0.0
1.9776,1.0178,1.5984,0.0
1.9451,0.9924,1.585,0.0
1.8766,0.9402,1.5584,0.0
1.8766,0.9402,1.5584,0.0
1.8766,0.9402,1.5584,0.0
1.7843,0.8736,1.5269,0.0
1.7843,0.8736,1.5269,0.0
1.7523,0.8517,1.5172,0.0
1.6878,0.8095,1.4994,0.0
1.6878,0.8095,1.4994,0.0
1.6264,0.7723,1.485,0.0
1.6264,0.7723,1.485,0.0
1.5955,0.7549,1.4786,0.0
1.5276,0.7197,2.1815,-22.5
1.5276,0.7197,2.1815,-22.5
1.4663,0.6983,2.1406,-22.5
1.4663,0.6983,2.1406,-22.5
1.4371,0.6934,2.1186,-22.5
1.3857,4.3594,1.4263,0.0
1.3857,4.3594,1.4263,0.0
1.3857,4.3594,1.4263,0.0
1.3049,4.2886,2.0228,0.0
1.3049,4.2886,2.0228,0.0
1.2734,4.2604,2.0024,0.0
1.2073,4.2015,1.9605,0.0
1.2073,4.2015,1.9605,0.0
1.2073,4.2015,1.9605,0.0
1.1136,4.1182,1.9036,0.0
1.1136,4.1182,1.9036,0.0
1.0516,4.0634,1.8675,0.0
1.0516,4.0634,1.8675,0.0
1.0195,4.035,1.8493,0.0
0.9574,3.9802,1.8153,0.0
0.9574,3.9802,1.8153,0.0
0.8957,3.926,1.783,0.0
0.8957,3.926,1.783,0.0
0.8646,3.8988,1.7674,0.0
0.8034,3.8451,1.7377,0.0
0.8034,3.8451,1.7377,0.0
0.8034,3.8451,1.7377,0.0
0.7111,3.7644,1.6961,0.0
0.7111,3.7644,1.6961,0.0
0.6504,3.7114,1.6711,0.0
0.6504,3.7114,1.6711,0.0
0.6198,3.6848,1.6591,0.0
0.5576,3.6304,1.6363,0.0
0.5576,3.6304,1.6363,0.0
0.4978,3.578,1.6163,0.0
0.4978,3.578,1.6163,0.0
0.4671,3.5509,1.6069,0.0
0.4671,3.5509,1.6069,0.0
0.4025,3.4936,1.5887,0.0
0.374,3.4678,1.5814,0.0
0.3462,3.4424,1.5747,0.0
0.3462,3.4424,1.5747,0.0
0.3185,3.4167,1.5686,0.0
0.26,3.3599,2.1493,0.0
0.26,3.3599,2.1493,0.0
0.2122,3.3079,2.11,0.0
1.2329,0.1927,2.0914,-22.5
1.2017,0.1763,2.073,-22.5
1.1733,0.1675,2.0515,-22.5
1.1733,0.1675,2.0515,-22.5
1.1455,0.1635,2.0301,-22.5
1.094,2.0062,1.9894,0.0
1.094,2.0062,1.9894,0.0
1.0447,1.9649,1.953,0.0
1.0447,1.9649,1.953,0.0
1.0163,1.9402,1.9344,0.0
0.951,1.8837,1.8923,0.0
0.951,1.8837,1.8923,0.0
0.8884,1.8301,1.8533,0.0
0.8586,1.8048,1.8351,0.0
0.8586,1.8048,1.8351,0.0
0.8268,1.7778,1.8161,0.0
0.7596,1.7214,1.777,0.0
0.7596,1.7214,1.777,0.0
0.7596,1.7214,1.777,0.0
0.6668,1.6446,1.7258,0.0
0.6668,1.6446,1.7258,0.0
0.6356,1.6191,1.7094,0.0
0.577,1.5716,1.6797,0.0
0.577,1.5716,1.6797,0.0
0.577,1.5716,1.6797,0.0
0.489,1.501,1.6376,0.0
0.489,1.501,1.6376,0.0
0.4311,1.4551,1.6118,0.0
0.4311,1.4551,1.6118,0.0
0.4017,1.4318,1.5993,0.0
0.3474,1.3887,1.577,0.0
0.3474,1.3887,1.577,0.0
0.2952,1.3464,1.5565,0.0
0.2952,1.3464,1.5565,0.0
2.3004,0.2705,1.5471,0.0
2.3004,0.2705,1.5471,0.0
2.2341,0.2227,1.5285,0.0
2.2029,0.2042,1.5208,0.0
2.1735,0.1903,1.5141,0.0
2.1735,0.1903,1.5141,0.0
2.1422,0.1799,1.5075,0.0
2.0753,1.1866,1.5074,0.0
2.0753,1.1866,1.5074,0.0
2.0155,1.1546,1.4623,0.0
2.0155,1.1546,1.4623,0.0
1.9854,1.1395,1.4401,0.0
1.9187,1.1082,1.3919,0.0
1.9187,1.1082,1.3919,0.0
1.8589,1.0832,1.3502,0.0
1.8589,1.0832,1.3502,0.0
1.8281,1.0715,1.3293,0.0
1.7908,1.0584,1.3046,0.0
1.7908,1.0584,1.3046,0.0
1.7319,1.0404,1.2669,0.0
1.7027,1.0328,1.2489,0.0
1.7027,1.0328,1.2489,0.0
1.6442,2.1291,1.2144,22.5
1.616,2.1012,1.1985,22.5
1.616,2.1012,1.1985,22.5
2.0437,2.3871,1.1844,22.5
2.0168,2.3725,1.1808,22.5
2.0168,2.3725,1.1808,22.5
1.9646,2.3415,1.1794,22.5
1.9402,2.3258,1.1813,22.5
1.9402,2.3258,1.1813,22.5
1.9156,2.3091,1.185,22.5
1.8655,2.2723,1.4616,22.5
1.8655,2.2723,1.4616,22.5
1.8655,2.2723,1.4616,22.5
1.7974,2.2173,1.4359,22.5
1.7974,2.2173,1.4359,22.5
1.7747,2.1974,1.4295,22.5
1.7252,2.1517,1.4192,22.5
1.7252,2.1517,1.4192,22.5
1.6802,2.1071,1.4145,22.5
1.6802,2.1071,1.4145,22.5
1.6569,2.0828,1.4139,22.5
1.6084,2.0287,1.4173,22.5
1.6084,2.0287,1.4173,22.5
1.5863,2.0025,1.4211,22.5
1.5442,1.9498,1.4318,22.5
1.5442,1.9498,1.4318,22.5
1.522,1.9205,1.4396,22.5
2.4996,1.8602,1.4796,0.0
2.4996,1.8602,1.4796,0.0
2.4996,1.8602,1.4796,0.0
2.4217,1.7986,1.4184,0.0
2.4217,1.7986,1.4184,0.0
2.3705,1.766,1.3742,0.0
2.3705,1.766,1.3742,0.0
2.343,1.7488,1.3507,0.0
2.2851,1.7136,1.3017,0.0
2.2851,1.7136,1.3017,0.0
2.2851,1.7136,1.3017,0.0
2.1911,1.659,1.2237,0.0
2.1911,1.659,1.2237,0.0
2.16,1.6418,1.1984,0.0
2.0971,1.6082,1.1481,0.0
2.0971,1.6082,1.1481,0.0
2.0348,1.5767,1.0997,0.0
2.0348,1.5767,1.0997,0.0
2.0024,1.5611,1.0751,0.0
1.9418,1.5332,1.0301,0.0
1.9418,1.5332,1.0301,0.0
1.9105,1.5196,1.0076,0.0
1.8422,1.4917,0.9601,0.0
1.8422,1.4917,0.9601,0.0
1.8422,1.4917,0.9601,0.0
1.747,1.4573,0.8985,0.0
1.747,1.4573,0.8985,0.0
1.6847,1.4378,0.8615,0.0
1.6847,1.4378,0.8615,0.0
1.6533,1.4289,0.844,0.0
1.5886,1.4126,0.8106,0.0
1.5886,1.4126,0.8106,0.0
1.5262,2.4144,0.7822,22.5
1.5262,2.4144,0.7822,22.5
1.4936,2.3843,0.7689,22.5
1.433,2.3904,0.7634,22.5
1.433,2.3904,0.7634,22.5
1.4028,2.3701,0.7644,22.5
1.3679,1.3387,1e+20,0.0
1.3679,1.3387,1e+20,0.0
1.312,2.3111,1e+20,22.5
1.284,2.298,1e+20,22.5
1.2571,2.279,1e+20,22.5
1.2321,2.2605,1e+20,22.5
1.2068,2.241,1e+20,22.5
1.2068,2.241,1e+20,22.5
1.1607,1.2578,1e+20,22.5
1.1381,1.2464,1e+20,22.5
1.9777,1.2358,1.1174,0.0
1.9777,1.2358,1.1174,0.0
1.9255,2.1312,1.0733,22.5
1.9006,2.1172,1.0511,22.5
1.8754,2.0986,1.0317,22.5
1.852,2.081,1.0142,22.5
1.852,2.081,1.0142,22.5
1.8279,2.0626,0.9967,22.5
1.7748,2.0209,0.9603,22.5
1.7748,2.0209,0.9603,22.5
1.7487,1.1542,0.9435,0.0
1.694,1.1326,0.9108,0.0
1.694,1.1326,0.9108,0.0
1.6447,1.9224,0.8783,22.5
1.6447,1.9224,0.8783,22.5
1.6182,1.905,0.8615,22.5
1.5665,1.8597,0.8394,22.5
1.5665,1.8597,0.8394,22.5
1.5231,1.8206,0.8247,22.5
1.5231,1.8206,0.8247,22.5
1.5006,1.7997,0.8184,22.5
2.4643,1.7553,0.8089,0.0
2.4643,1.7553,0.8089,0.0
2.4178,1.7181,0.8017,0.0
2.4178,1.7181,0.8017,0.0
2.3934,1.7,1.39,0.0
2.3379,1.6596,1.3401,0.0
2.3379,1.6596,1.3401,0.0
2.2842,1.6213,1.2921,0.0
2.2842,1.6213,1.2921,0.0
2.2842,1.6213,1.2921,0.0
2.1975,1.5616,1.216,0.0
2.1975,1.5616,1.216,0.0
2.1662,1.5408,1.1889,0.0
2.105,1.501,1.1366,0.0
2.105,1.501,1.1366,0.0
2.045,1.4636,1.0863,0.0
2.045,1.4636,1.0863,0.0
2.0148,1.4454,1.0615,0.0
1.9483,1.4068,1.0079,0.0
1.9483,1.4068,1.0079,0.0
1.8882,1.3739,0.9611,0.0
1.8882,1.3739,0.9611,0.0
1.8571,1.3576,0.9375,0.0
1.7909,1.3249,0.889,0.0
1.7909,1.3249,0.889,0.0
1.7909,1.3249,0.889,0.0
1.7013,1.2851,0.8278,0.0
1.7013,1.2851,0.8278,0.0
1.6424,1.2619,0.791,0.0
1.6424,1.2619,0.791,0.0
1.6119,1.2509,0.773,0.0
1.5543,1.2321,0.7418,0.0
1.5543,1.2321,0.7418,0.0
1.4961,1.2159,0.714,0.0
1.4961,1.2159,0.714,0.0
1.4668,1.2088,0.7016,0.0
1.4668,1.2088,0.7016,0.0
1.402,2.0128,0.6783,22.5
1.372,1.9967,0.6697,22.5
2.0797,1.9764,0.6693,0.0
2.0797,1.9764,0.6693,0.0
2.049,1.9555,1.3214,0.0
1.9794,1.9195,1.2594,0.0
1.9794,1.9195,1.2594,0.0
1.917,1.8889,1.2046,0.0
1.917,1.8889,1.2046,0.0
1.8856,1.8741,1.1773,0.0
1.8162,1.8429,1.1178,22.5
1.8162,1.8429,1.1178,22.5
1.783,1.8287,1.0897,22.5
1.7172,1.788,1.0429,22.5
1.7172,1.788,1.0429,22.5
1.7172,1.788,1.0429,22.5
1.6319,1.7358,0.9868,22.5
1.6319,1.7358,0.9868,22.5
1.5799,1.7048,0.9555,22.5
1.5799,1.7048,0.9555,22.5
1.5548,1.6901,0.9411,22.5
1.5548,1.6901,0.9411,22.5
1.506,1.6623,0.9148,22.5
2.2272,1.6488,0.9032,0.0
2.2042,1.6368,0.893,0.0
2.2042,1.6368,0.893,0.0
2.1797,1.6231,0.8841,0.0
2.1235,1.5926,0.8659,0.0
2.1235,1.5926,0.8659,0.0
2.0691,1.5644,0.8514,0.0
2.0691,1.5644,0.8514,0.0
2.0399,1.5499,0.845,0.0
1.9741,1.5187,1.2573,0.0
1.9741,1.5187,1.2573,0.0
1.9126,1.4916,1.2044,0.0
1.9126,1.4916,1.2044,0.0
1.8806,1.4783,1.1773,0.0
1.8135,1.4523,1.1211,0.0
1.8135,1.4523,1.1211,0.0
1.7803,1.4405,1.0938,0.0
1.7127,1.4185,1.0393,0.0
1.7127,1.4185,1.0393,0.0
1.6503,1.4008,0.9905,0.0
1.6503,1.4008,0.9905,0.0
1.6188,1.3928,0.9664,0.0
1.5504,2.3375,0.9157,22.5
1.5504,2.3375,0.9157,22.5
1.488,2.3018,0.8763,22.5
1.488,2.3018,0.8763,22.5
1.4579,2.2819,0.861,22.5
1.4579,2.2819,0.861,22.5
1.3966,1.3296,0.8329,0.0
1.3703,1.3214,0.8222,0.0
1.343,2.2087,0.8101,22.5
1.343,2.2087,0.8101,22.5
1.3135,2.192,0.7978,22.5
1.2627,2.1532,0.7891,22.5
1.2627,2.1532,0.7891,22.5
1.2158,1.2724,0.7853,22.5
1.195,1.2647,1e+20,22.5
1.1744,1.2572,1e+20,22.5
1.1559,1.2506,1e+20,22.5
1.1559,1.2506,1e+20,22.5
2.1118,1.2434,1.1364,0.0
2.0692,1.2295,1.0992,0.0
2.0692,1.2295,1.0992,0.0
2.0193,1.2178,1.0551,0.0
2.0193,1.2178,1.0551,0.0
1.9921,1.9683,1.0313,0.0
1.9313,1.9278,0.9788,0.0
1.9313,1.9278,0.9788,0.0
1.8724,1.8897,0.929,22.5
1.8724,1.8897,0.929,22.5
1.841,1.8697,0.9029,22.5
1.7866,1.8245,0.8649,22.5
1.7866,1.8245,0.8649,22.5
1.7383,1.7831,0.834,22.5
1.7172,1.7644,0.8216,22.5
1.7172,1.7644,0.8216,22.5
1.6784,1.7288,0.8008,22.5
1.6784,1.7288,0.8008,22.5
1.6608,1.7119,0.7925,22.5
3.3329,1.6796,0.7796,0.0
3.3329,1.6796,0.7796,0.0
3.2916,1.6459,0.7659,0.0
3.2916,1.6459,0.7659,0.0
3.2665,1.6265,0.7568,0.0
3.2089,1.5828,0.7389,0.0
3.2089,1.5828,0.7389,0.0
3.1536,1.5416,0.7257,0.0
3.1536,1.5416,0.7257,0.0
3.1238,1.5199,1.4463,0.0
3.1238,1.5199,1.4463,0.0
3.057,1.4722,1.3891,0.0
3.0263,1.4507,1.363,0.0
2.9963,1.4302,1.3379,0.0
2.9963,1.4302,1.3379,0.0
2.9648,1.4089,1.3116,0.0
2.8982,1.3654,1.257,0.0
2.8982,1.3654,1.257,0.0
2.8659,1.345,1.2309,0.0
2.7995,1.3047,1.1785,0.0
2.7995,1.3047,1.1785,0.0
2.7376,1.2691,1.131,0.0
2.7069,1.2522,1.108,0.0
2.7069,1.2522,1.108,0.0
2.645,1.22,1.0629,0.0
2.645,1.22,1.0629,0.0
2.6135,1.2045,1.0407,0.0
2.5534,1.1768,0.9997,0.0
2.5534,1.1768,0.9997,0.0
2.5213,1.1631,0.9787,0.0
2.4567,1.1378,0.9384,0.0
2.4567,1.1378,0.9384,0.0
2.3954,1.1169,0.9029,0.0
2.3954,1.1169,0.9029,0.0
2.3644,1.1075,0.8862,0.0
2.297,1.0901,0.8526,0.0
2.297,1.0901,0.8526,0.0
2.2642,1.6689,0.8378,0.0
2.2642,1.6689,0.8378,0.0
2.1958,1.6135,0.8107,0.0
2.1652,1.5891,0.8002,0.0
2.1353,1.5653,0.7911,0.0
2.1353,1.5653,0.7911,0.0
2.0749,1.5183,0.776,0.0
2.0458,1.496,0.7705,0.0
2.0458,1.496,0.7705,0.0
2.0146,1.4723,1.5739,0.0
1.9477,1.4227,1.5321,0.0
1.9477,1.4227,1.5321,0.0
1.888,1.3798,1.4965,0.0
1.888,1.3798,1.4965,0.0
1.858,1.3588,1.4792,0.0
1.7932,1.3146,1.4434,0.0
1.7932,1.3146,1.4434,0.0
1.7618,1.2939,1.4268,0.0
1.697,1.2526,1.3944,0.0
1.697,1.2526,1.3944,0.0
1.6673,1.2345,1.3804,0.0
1.6099,1.2008,1.3548,0.0
1.6099,1.2008,1.3548,0.0
1.5516,1.1688,1.3311,0.0
1.5516,1.1688,1.3311,0.0
1.5214,1.1531,1.3198,0.0
1.4575,1.122,1.298,0.0
1.4575,1.122,1.298,0.0
1.97,1.0962,1.2807,0.0
1.97,1.0962,1.2807,0.0
1.9395,1.0847,1.2732,0.0
1.8723,1.0621,1.2595,0.0
1.8723,1.0621,1.2595,0.0
1.8117,1.0452,2.2985,-22.5
1.8117,1.0452,2.2985,-22.5
1.7803,1.0377,2.2877,-22.5
1.716,1.1737,2.2505,-22.5
1.716,1.1737,2.2505,-22.5
1.6617,1.1393,2.2149,-22.5
1.6617,1.1393,2.2149,-22.5
1.6358,1.125,2.1963,-22.5
1.6358,1.125,2.1963,-22.5
1.5845,1.101,2.1558,-22.5
1.5623,1.0927,2.1368,-22.5
1.542,1.0863,1.1357,0.0
1.542,1.0863,1.1357,0.0
1.4958,1.0661,2.0855,-22.5
1.4706,1.0516,2.073,-22.5
1.4467,1.043,2.0555,-22.5
1.4249,1.0364,2.0388,-22.5
1.4249,1.0364,2.0388,-22.5
1.3819,1.0273,2.0033,-22.5
1.362,1.025,1.9854,-22.5
1.3409,1.0239,1.9655,-22.5
1.3018,1.0264,1.9255,-22.5
1.3018,1.0264,1.9255,-22.5
2.1513,1.2647,1.883,0.0
2.1513,1.2647,1.883,0.0
2.1273,1.247,0.9958,0.0
2.0721,1.1983,1.8259,0.0
2.0721,1.1983,1.8259,0.0
2.0193,1.1525,1.7937,0.0
2.0193,1.1525,1.7937,0.0
1.9907,1.1279,1.7766,0.0
1.9258,1.0728,1.739,0.0
1.9258,1.0728,1.739,0.0
1.8638,1.0214,1.7047,0.0
1.8638,1.0214,1.7047,0.0
1.8326,0.9959,1.688,0.0
1.7641,0.9412,1.6528,0.0
1.7641,0.9412,1.6528,0.0
1.7018,0.8933,1.6228,0.0
1.7018,0.8933,1.6228,0.0
1.6694,0.869,1.6078,0.0
1.6009,0.8197,1.5781,0.0
1.6009,0.8197,1.5781,0.0
1.5393,0.7778,1.5534,-22.5
1.5393,0.7778,1.5534,-22.5
1.5393,0.7778,1.5534,-22.5
1.4533,0.7361,1.507,-22.5
1.4533,0.7361,1.507,-22.5
1.4264,0.7286,1.4884,-22.5
1.3749,0.7207,1.4497,-22.5
1.3749,0.7207,1.4497,-22.5
1.3295,0.7213,1.4121,-22.5
1.3295,0.7213,1.4121,-22.5
1.3078,3.488,1.3928,0.0
2.8923,1.2639,1.3512,0.0
2.8923,1.2639,1.3512,0.0
2.8688,1.2415,1.3395,0.0
2.8151,1.1904,1.3142,0.0
2.8151,1.1904,1.3142,0.0
2.7642,1.1425,1.292,0.0
2.7642,1.1425,1.292,0.0
2.737,1.1171,1.281,0.0
3.2779,1.0664,1.2604,0.0
3.2779,1.0664,1.2604,0.0
3.2779,1.0664,1.2604,0.0
3.1849,0.9888,1.2333,0.0
3.1849,0.9888,1.2333,0.0
3.1232,0.9389,1.219,0.0
3.1232,0.9389,1.219,0.0
3.0921,0.9142,1.2129,0.0
3.0274,0.8645,1.8557,0.0
3.0274,0.8645,1.8557,0.0
2.9647,0.8182,1.8134,0.0
2.9647,0.8182,1.8134,0.0
2.9324,0.7953,1.7921,0.0
2.9324,0.7953,1.7921,0.0
2.8657,0.7502,1.7491,0.0
2.8347,0.7304,1.7298,0.0
2.8347,0.7304,1.7298,0.0
2.7747,0.6944,1.6931,0.0
2.7429,0.6767,1.6743,0.0
2.7133,0.6612,1.6571,0.0
2.7133,0.6612,1.6571,0.0
2.6813,0.6456,1.6389,0.0
2.6135,0.6168,1.6019,0.0
2.6135,0.6168,1.6019,0.0
2.582,0.6056,1.5854,0.0
2.5152,0.5868,1.5519,0.0
2.5152,0.5868,1.5519,0.0
2.4538,1.3438,1.5231,0.0
2.4538,1.3438,1.5231,0.0
2.4538,1.3438,1.5231,0.0
2.3617,1.2745,1.4837,0.0
2.3617,1.2745,1.4837,0.0
2.3005,1.2302,1.4602,0.0
2.3005,1.2302,1.4602,0.0
2.2698,1.2085,1.4492,0.0
2.2007,1.1612,1.4267,0.0
2.2007,1.1612,1.4267,0.0
2.139,1.121,1.4092,0.0
2.139,1.121,1.4092,0.0
2.107,1.101,1.4012,0.0
2.0465,1.0646,1.3878,0.0
2.0465,1.0646,1.3878,0.0
2.0155,1.0469,1.382,0.0
1.9552,1.0143,1.5491,0.0
1.9552,1.0143,1.5491,0.0
1.9233,0.9982,1.5257,0.0
1.8584,0.9678,1.4789,0.0
1.8584,0.9678,1.4789,0.0
1.7972,0.9424,1.4362,0.0
1.7972,0.9424,1.4362,0.0
1.7661,0.9308,1.415,0.0
1.6994,0.9091,1.3708,0.0
1.6994,0.9091,1.3708,0.0
1.6994,0.9091,1.3708,0.0
1.6044,2.2708,1.3114,22.5
1.6044,2.2708,1.3114,22.5
1.5735,2.2597,1.293,22.5
1.5735,2.2597,1.293,22.5
1.5155,2.2265,1.2697,22.5
1.4893,2.2116,1.2603,22.5
1.4651,2.1978,1.2522,22.5
1.4651,2.1978,1.2522,22.5
1.4409,2.184,1.2447,22.5
2.215,2.157,1.2317,0.0
2.215,2.157,1.2317,0.0
2.1675,2.1336,1.2216,0.0
2.1435,2.1223,1.2169,0.0
2.1435,2.1223,1.2169,0.0
2.1164,2.1098,1.3035,0.0
2.064,2.0864,1.2564,22.5
2.064,2.0864,1.2564,22.5
2.0084,2.0582,1.2111,22.5
2.0084,2.0582,1.2111,22.5
1.9813,2.0422,1.1916,22.5
1.926,2.0098,1.1533,22.5
1.926,2.0098,1.1533,22.5
1.881,1.9834,1.1239,22.5
1.881,1.9834,1.1239,22.5
1.858,1.9698,1.1096,22.5
1.8118,1.9422,1.0826,22.5
1.8118,1.9422,1.0826,22.5
1.7709,1.9173,1.0608,22.5
1.7709,1.9173,1.0608,22.5
1.751,1.905,1.051,22.5
1.7091,1.8781,1.0326,22.5
1.7091,1.8781,1.0326,22.5
1.6895,1.865,1.0251,22.5
1.6895,1.865,1.0251,22.5
1.6507,1.8382,1.0126,22.5
1.6339,1.8261,1.0083,22.5
1.6009,1.8006,1.0024,22.5
1.6009,1.8006,1.0024,22.5
1.573,1.7769,1e+20,22.5
1.573,1.7769,1e+20,22.5
1.573,1.7769,1e+20,22.5
2.7772,1.741,1.5367,0.0
2.7772,1.741,1.5367,0.0
2.7413,1.7111,1.5055,0.0
2.7413,1.7111,1.5055,0.0
2.6912,1.6726,1.4612,0.0
2.6912,1.6726,1.4612,0.0
2.6641,1.6521,1.4374,0.0
2.6641,1.6521,1.4374,0.0
2.6016,1.6055,1.3829,0.0
2.5718,1.5837,1.3573,0.0
2.5427,1.5627,1.3323,0.0
2.5427,1.5627,1.3323,0.0
2.4816,1.5195,1.2806,0.0
2.4515,1.4986,1.2555,0.0
2.4515,1.4986,1.2555,0.0
2.3907,1.4576,1.2054,0.0
2.3615,1.4383,1.1818,0.0
2.3615,1.4383,1.1818,0.0
2.33,1.418,1.1566,0.0
2.2633,1.3765,1.1043,0.0
2.2633,1.3765,1.1043,0.0
2.2015,1.3399,1.0575,0.0
2.2015,1.3399,1.0575,0.0
2.1695,1.3217,1.0339,0.0
2.1007,1.2845,0.9848,0.0
2.1007,1.2845,0.9848,0.0
2.0396,1.2538,0.9435,0.0
2.0396,1.2538,0.9435,0.0
2.0087,1.2392,0.9235,0.0
1.9418,1.2097,0.8824,0.0
1.9418,1.2097,0.8824,0.0
1.8804,1.1854,0.8478,0.0
1.8804,1.1854,0.8478,0.0
1.8486,1.174,0.8312,0.0
1.8486,1.174,0.8312,0.0
1.7819,1.1527,0.7995,0.0
1.7505,1.1439,0.7862,0.0
1.7505,1.1439,0.7862,0.0
1.6885,1.1291,0.7633,0.0
1.6572,2.107,0.7536,22.5
1.6572,2.107,0.7536,22.5
1.6024,2.0586,0.7458,22.5
1.6024,2.0586,0.7458,22.5
2.8531,1.9852,1.5353,0.0
2.8531,1.9852,1.5353,0.0
2.8314,1.9627,1.5168,0.0
2.7746,1.9156,1.4651,0.0
2.7746,1.9156,1.4651,0.0
2.7746,1.9156,1.4651,0.0
2.6839,1.8413,1.3835,0.0
2.6839,1.8413,1.3835,0.0
2.6226,1.7921,1.329,0.0
2.6226,1.7921,1.329,0.0
2.5908,1.7669,1.3011,0.0
2.5908,1.7669,1.3011,0.0
2.5233,1.7141,1.2424,0.0
2.4927,1.6906,1.2162,0.0
2.4627,1.6677,1.1907,0.0
2.4321,1.6447,1.165,0.0
2.3954,1.6174,1.1344,0.0
2.3954,1.6174,1.1344,0.0
2.3648,1.5949,1.1093,0.0
2.2964,1.5459,1.0544,0.0
2.2964,1.5459,1.0544,0.0
2.2642,1.5234,1.0291,0.0
2.198,1.4782,0.9786,0.0
2.198,1.4782,0.9786,0.0
2.1375,1.4385,0.9344,0.0
2.1375,1.4385,0.9344,0.0
2.1069,1.4191,0.9129,0.0
2.0426,1.3795,0.8696,0.0
2.0426,1.3795,0.8696,0.0
2.0426,1.3795,0.8696,0.0
1.9494,1.326,0.8124,0.0
1.9494,1.326,0.8124,0.0
1.9494,1.326,0.8124,0.0
1.8604,1.2796,0.7653,0.0
1.8604,1.2796,0.7653,0.0
1.8006,1.2513,0.7385,0.0
1.8006,1.2513,0.7385,0.0
1.7409,1.2256,0.7164,0.0
1.7409,1.2256,0.7164,0.0
1.7116,1.2139,0.7073,0.0
1.7116,1.2139,0.7073,0.0
1.6495,1.1914,0.6922,0.0
1.6495,1.1914,0.6922,0.0
1.5915,1.1734,1e+20,0.0
1.5632,1.1656,1e+20,0.0
1.5345,1.1585,1e+20,0.0
1.5345,1.1585,1e+20,0.0
2.028,2.0597,1.4785,22.5
1.9665,2.0349,1.4222,22.5
1.9665,2.0349,1.4222,22.5
1.9665,2.0349,1.4222,22.5
1.8847,1.9832,1.3598,22.5
1.8847,1.9832,1.3598,22.5
1.8386,1.9502,1.3286,22.5
1.8386,1.9502,1.3286,22.5
1.7982,1.9179,1.3043,22.5
1.7982,1.9179,1.3043,22.5
1.7797,1.9015,1.2943,22.5
1.7797,1.9015,1.2943,22.5
1.7438,1.8669,1.2778,22.5
1.7438,1.8669,1.2778,22.5
1.7277,1.8497,1.2717,22.5
1.694,0.9996,1.2622,0.0
1.694,0.9996,1.2622,0.0
1.6793,0.9863,1.2595,0.0
1.6341,1.7614,1.2342,22.5
1.6341,1.7614,1.2342,22.5
2.3588,1.7252,1.2131,0.0
2.3364,1.7067,1.2084,0.0
2.3364,1.7067,1.2084,0.0
2.3106,1.6911,1.1979,0.0
2.2579,1.6599,1.1781,0.0
2.2579,1.6599,1.1781,0.0
2.2014,1.6278,1.1592,0.0
2.2014,1.6278,1.1592,0.0
2.1712,1.6112,1.1501,0.0
2.1026,1.575,1.1322,0.0
2.1026,1.575,1.1322,0.0
2.1026,1.575,1.1322,0.0
2.0095,1.5294,1.2807,0.0
2.0095,1.5294,1.2807,0.0
1.9477,1.5016,1.2285,0.0
1.9477,1.5016,1.2285,0.0
1.9156,1.4881,1.2019,0.0
1.8528,1.4632,1.1505,0.0
1.8528,1.4632,1.1505,0.0
1.7913,1.4411,1.1015,0.0
1.7913,1.4411,1.1015,0.0
1.7602,1.4308,1.0772,0.0
1.7602,1.4308,1.0772,0.0
1.6907,1.4102,1.0242,0.0
1.6587,1.4017,1.0006,0.0
1.6289,1.3945,0.9789,0.0
1.6289,1.3945,0.9789,0.0
1.5969,1.3874,0.9562,0.0
1.5286,2.0974,0.9098,22.5
1.5286,2.0974,0.9098,22.5
1.4716,2.0597,0.8782,22.5
1.4716,2.0597,0.8782,22.5
1.4459,2.0377,0.8688,22.5
1.397,1.9904,0.8572,22.5
1.397,1.9904,0.8572,22.5
1.3763,1.968,0.8554,22.5
2.4375,1.279,0.8583,0.0
2.4375,1.279,0.8583,0.0
3.2961,1.2651,0.8623,0.0
3.249,1.868,1.2813,0.0
3.249,1.868,1.2813,0.0
3.1972,1.8342,1.2357,0.0
3.1972,1.8342,1.2357,0.0
3.1693,1.8165,1.2115,0.0
3.1693,1.8165,1.2115,0.0
3.1067,1.7776,1.1577,0.0
3.0764,1.7592,1.132,0.0
3.0466,1.7416,1.107,0.0
3.0466,1.7416,1.107,0.0
2.9864,1.707,1.0575,0.0
2.9574,1.6909,1.0341,0.0
2.9574,1.6909,1.0341,0.0
2.9263,1.674,1.0094,0.0
2.8602,1.6397,0.9582,0.0
2.8602,1.6397,0.9582,0.0
2.8602,1.6397,0.9582,0.0
2.7698,1.5961,0.8918,0.0
2.7698,1.5961,0.8918,0.0
2.7391,1.5823,0.8703,0.0
2.6731,1.5544,0.8265,0.0
2.6731,1.5544,0.8265,0.0
2.6127,1.531,0.7894,0.0
2.6127,1.531,0.7894,0.0
2.5814,1.5198,0.7715,0.0
2.5222,1.5002,0.7403,0.0
