1e+20 1e+20 1.3354 1e+20 5.2458 5.8383 1e+20 1e+20 1e+20 1e+20 1e+20 1e+20 42.69717482841811
1e+20 1e+20 1.3354 1e+20 5.2458 5.8383 1e+20 1e+20 1e+20 1e+20 1e+20 1e+20 32.1907828271389
1e+20 1e+20 1.3354 1e+20 5.2458 5.8383 1e+20 1e+20 1e+20 1e+20 1e+20 1e+20 32.22191071510315
1e+20 1e+20 1.3354 1e+20 5.2458 5.8383 1e+20 1e+20 1e+20 1e+20 1e+20 1e+20 32.253387284278865
1e+20 1e+20 1.3354 1e+20 5.2458 5.8383 1e+20 1e+20 1e+20 1e+20 1e+20 1e+20 32.28532124757766
1e+20 1e+20 1.3354 1e+20 5.2458 5.8383 1e+20 1e+20 1e+20 1e+20 1e+20 1e+20 32.31726066470146
1e+20 1e+20 1.3354 1e+20 5.2458 5.8383 1e+20 1e+20 1e+20 1e+20 1e+20 1e+20 32.349198991060256
1e+20 1e+20 1.3354 1e+20 5.2458 5.8383 1e+20 1e+20 1e+20 1e+20 1e+20 1e+20 32.38113913536072
1e+20 1e+20 1.3354 1e+20 5.2458 5.8383 1e+20 1e+20 1e+20 1e+20 1e+20 1e+20 32.41312291026115
1e+20 1e+20 1.3354 1e+20 5.2458 5.8383 1e+20 1e+20 1e+20 1e+20 1e+20 1e+20 32.445085597038265
1e+20 1e+20 1.3354 1e+20 5.2458 5.8383 1e+20 1e+20 1e+20 1e+20 1e+20 1e+20 32.476961749792096
1e+20 1e+20 1.3354 1e+20 5.2458 5.8383 1e+20 1e+20 1e+20 1e+20 1e+20 1e+20 32.5088968038559
1e+20 1e+20 1.3354 1e+20 5.2458 5.8383 1e+20 1e+20 1e+20 1e+20 1e+20 1e+20 32.54020248651504
1e+20 1e+20 1.3354 1e+20 5.2458 5.8383 1e+20 1e+20 1e+20 1e+20 1e+20 1e+20 32.572142630815506
1e+20 1e+20 1.3354 1e+20 5.2458 5.8383 1e+20 1e+20 1e+20 1e+20 1e+20 1e+20 32.60488121509552
1e+20 1e+20 1.3354 1e+20 5.2458 5.8383 1e+20 1e+20 1e+20 1e+20 1e+20 1e+20 32.63682899475098
1e+20 1e+20 1.3354 1e+20 5.2458 5.8383 1e+20 1e+20 1e+20 1e+20 1e+20 1e+20 32.66875968575477
1e+20 1e+20 1.3354 1e+20 5.2458 5.8383 1e+20 1e+20 1e+20 1e+20 1e+20 1e+20 32.7007049202919
1e+20 1e+20 1.3354 1e+20 5.2458 5.8383 1e+20 1e+20 1e+20 1e+20 1e+20 1e+20 32.73264397382736
1e+20 1e+20 1.3354 1e+20 5.2458 5.8383 1e+20 1e+20 1e+20 1e+20 1e+20 1e+20 32.76457830071449
1e+20 1e+20 1.3354 1e+20 5.2458 5.8383 1e+20 1e+20 1e+20 1e+20 1e+20 1e+20 32.796522080898285
1e+20 1e+20 1.3354 1e+20 5.2458 5.8383 1e+20 1e+20 1e+20 1e+20 1e+20 1e+20 32.82999184131622
1e+20 1e+20 1e+20 1e+20 3.1979 1e+20 1e+20 1e+20 1e+20 1e+20 1e+20 1e+20 73.84954350738839
1e+20 1e+20 1e+20 1e+20 1e+20 1e+20 1e+20 1e+20 1e+20 1e+20 1e+20 1e+20 46.52818586184973
1e+20 1e+20 1e+20 1e+20 1e+20 1e+20 1e+20 1e+20 1e+20 1e+20 1e+20 1e+20 48.72534299492836
1e+20 1e+20 1e+20 1e+20 1e+20 1e+20 1e+20 1e+20 1e+20 1e+20 1e+20 1e+20 48.773084700107574
1e+20 1e+20 1e+20 1e+20 1e+20 1e+20 1e+20 1e+20 1e+20 1e+20 1e+20 1e+20 48.82064198851585
1e+20 1e+20 1e+20 1e+20 1e+20 1e+20 1e+20 1e+20 1e+20 1e+20 1e+20 1e+20 48.868363082408905
1e+20 1e+20 1e+20 1e+20 1e+20 1e+20 1e+20 1e+20 1e+20 1e+20 1e+20 1e+20 71.0586335483813
1e+20 1e+20 1e+20 1e+20 1e+20 1e+20 1e+20 1e+20 1e+20 1e+20 1e+20 1e+20 58.4337897181511
1e+20 1e+20 1e+20 1e+20 1e+20 1e+20 1e+20 1e+20 1e+20 1e+20 1e+20 1e+20 58.490874785184864
1e+20 1e+20 1e+20 1e+20 1e+20 1e+20 1e+20 1e+20 1e+20 1e+20 1e+20 1e+20 48.808992805556784
1e+20 1e+20 1e+20 1e+20 1e+20 1e+20 1e+20 1e+20 1e+20 1e+20 1e+20 1e+20 54.39881582856179
1e+20 1e+20 1e+20 1e+20 1e+20 1e+20 1e+20 1e+20 1e+20 1e+20 1e+20 1e+20 54.451681667566305
1e+20 1e+20 1e+20 1e+20 1e+20 1e+20 1e+20 1e+20 1e+20 1e+20 1e+20 1e+20 64.4333832806257
1e+20 1e+20 1e+20 1e+20 1e+20 1e+20 1e+20 1e+20 1e+20 1e+20 1e+20 1e+20 -7.203084760651723
1e+20 1e+20 1e+20 1e+20 1e+20 1e+20 1e+20 1e+20 1e+20 1e+20 1e+20 1e+20 30.94392530322075
1e+20 1e+20 1e+20 1e+20 1e+20 1e+20 1e+20 1e+20 1e+20 1e+20 1e+20 1e+20 30.97320167422295
1e+20 1e+20 1e+20 1e+20 1e+20 1e+20 1e+20 1e+20 1e+20 1e+20 1e+20 1e+20 32.159016190143475
1e+20 1e+20 1e+20 1e+20 1e+20 1e+20 1e+20 1e+20 1e+20 1e+20 1e+20 1e+20 32.780013350179544
1e+20 1e+20 1e+20 1e+20 1e+20 1e+20 1e+20 1e+20 1e+20 1e+20 1e+20 1e+20 32.11914231777192
1e+20 1e+20 1e+20 1e+20 1e+20 1e+20 1e+20 1e+20 1e+20 1e+20 1e+20 1e+20 32.14954551458359
1e+20 1e+20 1e+20 1e+20 1e+20 1e+20 1e+20 1e+20 1e+20 1e+20 1e+20 1e+20 32.179874384403234
1e+20 1e+20 1e+20 1e+20 1e+20 1e+20 1e+20 1e+20 1e+20 1e+20 1e+20 1e+20 -39.50040311717862
1e+20 1e+20 1e+20 1e+20 1e+20 1e+20 1e+20 1e+20 1e+20 1e+20 1e+20 1e+20 1.7298743844032294
1e+20 1e+20 1e+20 1e+20 1e+20 1e+20 1e+20 1e+20 1e+20 1e+20 1e+20 1e+20 1.7298743844032294
1e+20 1e+20 1e+20 1e+20 1e+20 1e+20 1e+20 1e+20 1e+20 1e+20 1e+20 1e+20 1.7298743844032294
1e+20 1e+20 1e+20 1e+20 1e+20 1e+20 1e+20 1e+20 1e+20 1e+20 1e+20 1e+20 1.7298743844032294
1e+20 1e+20 1e+20 1e+20 1e+20 1e+20 1e+20 1e+20 1e+20 1e+20 1e+20 1e+20 1.7298743844032294
1e+20 1e+20 1e+20 1e+20 1e+20 1e+20 1e+20 1e+20 1e+20 1e+20 1e+20 1e+20 1.7298743844032294
1e+20 1e+20 1e+20 1e+20 1e+20 1e+20 1e+20 1e+20 1e+20 1e+20 1e+20 1e+20 1.7298743844032294
1e+20 1e+20 1e+20 1e+20 1e+20 1e+20 1e+20 1e+20 1e+20 1e+20 1e+20 1e+20 1.7298743844032294
1e+20 1e+20 1e+20 1e+20 1e+20 1e+20 1e+20 1e+20 1e+20 1e+20 1e+20 1e+20 1.7298743844032294
1e+20 1e+20 1e+20 1e+20 1e+20 1e+20 1e+20 1e+20 1e+20 1e+20 1e+20 1e+20 1.7298743844032294
1e+20 1e+20 1e+20 1e+20 1e+20 1e+20 1e+20 1e+20 1e+20 1e+20 1e+20 1e+20 1.7298743844032294
1e+20 1e+20 1e+20 1e+20 1e+20 1e+20 1e+20 1e+20 1e+20 1e+20 1e+20 1e+20 1.7298743844032294
1e+20 1e+20 1e+20 1e+20 1e+20 1e+20 1e+20 1e+20 1e+20 1e+20 1e+20 1e+20 1.7298743844032294
1e+20 1e+20 1e+20 1e+20 1e+20 1e+20 1e+20 1e+20 1e+20 1e+20 1e+20 1e+20 1.7298743844032294
1e+20 1e+20 1e+20 1e+20 1e+20 1e+20 1e+20 1e+20 1e+20 1e+20 1e+20 1e+20 1.7298743844032294
1e+20 1e+20 1e+20 1e+20 1e+20 1e+20 1e+20 1e+20 1e+20 1e+20 1e+20 1e+20 1.7298743844032294
1e+20 1e+20 1e+20 1e+20 1e+20 1e+20 1e+20 1e+20 1e+20 1e+20 1e+20 1e+20 1.7298743844032294
1e+20 1e+20 1e+20 1e+20 1e+20 1e+20 1e+20 1e+20 1e+20 1e+20 1e+20 1e+20 1.7298743844032294
1e+20 1e+20 1e+20 1e+20 1e+20 1e+20 1e+20 1e+20 1e+20 1e+20 1e+20 1e+20 1.7298743844032294
1e+20 1e+20 1e+20 1e+20 1e+20 1e+20 1e+20 1e+20 1e+20 1e+20 1e+20 1e+20 1.7298743844032294
1e+20 1e+20 1e+20 1e+20 1e+20 1e+20 1e+20 1e+20 1e+20 1e+20 1e+20 1e+20 1.7298743844032294
1e+20 1e+20 1e+20 1e+20 1e+20 1e+20 1e+20 1e+20 1e+20 1e+20 1e+20 1e+20 1.7298743844032294
1e+20 1e+20 1e+20 1e+20 1e+20 1e+20 1e+20 1e+20 1e+20 1e+20 1e+20 1e+20 1.7298743844032294
1e+20 1e+20 1e+20 1e+20 1e+20 1e+20 1e+20 1e+20 1e+20 1e+20 1e+20 1e+20 1.7298743844032294
1e+20 1e+20 1e+20 1e+20 1e+20 1e+20 1e+20 1e+20 1e+20 1e+20 1e+20 1e+20 1.7298743844032294
1e+20 1e+20 1e+20 1e+20 1e+20 1e+20 1e+20 1e+20 1e+20 1e+20 1e+20 1e+20 1.7298743844032294
1e+20 1e+20 1e+20 1e+20 1e+20 1e+20 1e+20 1e+20 1e+20 1e+20 1e+20 1e+20 1.7298743844032294
1e+20 1e+20 1e+20 1e+20 1e+20 1e+20 1e+20 1e+20 1e+20 1e+20 1e+20 1e+20 1.7298743844032294
1e+20 1e+20 1e+20 1e+20 1e+20 1e+20 1e+20 1e+20 1e+20 1e+20 1e+20 1e+20 1.7298743844032294
1e+20 1e+20 1e+20 1e+20 1e+20 1e+20 1e+20 1e+20 1e+20 1e+20 1e+20 1e+20 1.7298743844032294
1e+20 1e+20 1e+20 1e+20 1e+20 1e+20 1e+20 1e+20 1e+20 1e+20 1e+20 1e+20 1.7298743844032294
1e+20 1e+20 1e+20 1e+20 1e+20 1e+20 1e+20 1e+20 1e+20 1e+20 1e+20 1e+20 1.7298743844032294
1e+20 1e+20 1e+20 1e+20 1e+20 1e+20 1e+20 1e+20 1e+20 1e+20 1e+20 1e+20 1.7298743844032294
1e+20 1e+20 1e+20 1e+20 1e+20 1e+20 1e+20 1e+20 1e+20 1e+20 1e+20 1e+20 1.7298743844032294
1e+20 1e+20 1e+20 1e+20 1e+20 1e+20 1e+20 1e+20 1e+20 1e+20 1e+20 1e+20 1.7298743844032294
1e+20 1e+20 1e+20 1e+20 1e+20 1e+20 1e+20 1e+20 1e+20 1e+20 1e+20 1e+20 1.7298743844032294
1e+20 1e+20 1e+20 1e+20 1e+20 1e+20 1e+20 1e+20 1e+20 1e+20 1e+20 1e+20 1.7298743844032294
1e+20 1e+20 1e+20 1e+20 1e+20 1e+20 1e+20 1e+20 1e+20 1e+20 1e+20 1e+20 1.7298743844032294
1e+20 1e+20 1e+20 1e+20 1e+20 1e+20 1e+20 1e+20 1e+20 1e+20 1e+20 1e+20 1.7298743844032294
1e+20 1e+20 1e+20 1e+20 1e+20 1e+20 1e+20 1e+20 1e+20 1e+20 1e+20 1e+20 1.7298743844032294
1e+20 1e+20 1e+20 1e+20 1e+20 1e+20 1e+20 1e+20 1e+20 1e+20 1e+20 1e+20 1.7298743844032294
1e+20 1e+20 1e+20 1e+20 1e+20 1e+20 1e+20 1e+20 1e+20 1e+20 1e+20 1e+20 1.7298743844032294
1e+20 1e+20 1e+20 1e+20 1e+20 1e+20 1e+20 1e+20 1e+20 1e+20 1e+20 1e+20 1.7298743844032294
1e+20 1e+20 1e+20 1e+20 1e+20 1e+20 1e+20 1e+20 1e+20 1e+20 1e+20 1e+20 1.7298743844032294
1e+20 1e+20 1e+20 1e+20 1e+20 1e+20 1e+20 1e+20 1e+20 1e+20 1e+20 1e+20 1.7298743844032294
1e+20 1e+20 1e+20 1e+20 1e+20 1e+20 1e+20 1e+20 1e+20 1e+20 1e+20 1e+20 1.7298743844032294
1e+20 1e+20 1e+20 1e+20 1e+20 1e+20 1e+20 1e+20 1e+20 1e+20 1e+20 1e+20 1.7298743844032294
1e+20 1e+20 1e+20 1e+20 1e+20 1e+20 1e+20 1e+20 1e+20 1e+20 1e+20 1e+20 1.7298743844032294
1e+20 1e+20 1e+20 1e+20 1e+20 1e+20 1e+20 1e+20 1e+20 1e+20 1e+20 1e+20 1.7298743844032294
1e+20 1e+20 1e+20 1e+20 1e+20 1e+20 1e+20 1e+20 1e+20 1e+20 1e+20 1e+20 1.7298743844032294
1e+20 1e+20 1e+20 1e+20 1e+20 1e+20 1e+20 1e+20 1e+20 1e+20 1e+20 1e+20 1.7298743844032294
1e+20 1e+20 1e+20 1e+20 1e+20 1e+20 1e+20 1e+20 1e+20 1e+20 1e+20 1e+20 1.7298743844032294
1e+20 1e+20 1e+20 1e+20 1e+20 1e+20 1e+20 1e+20 1e+20 1e+20 1e+20 1e+20 1.7298743844032294
1e+20 1e+20 1e+20 1e+20 1e+20 1e+20 1e+20 1e+20 1e+20 1e+20 1e+20 1e+20 1.7298743844032294
1e+20 1e+20 1e+20 1e+20 1e+20 1e+20 1e+20 1e+20 1e+20 1e+20 1e+20 1e+20 1.7298743844032294
1e+20 1e+20 1e+20 1e+20 1e+20 1e+20 1e+20 1e+20 1e+20 1e+20 1e+20 1e+20 1.7298743844032294
1e+20 1e+20 1e+20 1e+20 1e+20 1e+20 1e+20 1e+20 1e+20 1e+20 1e+20 1e+20 1.7298743844032294
1e+20 1e+20 1e+20 1e+20 1e+20 1e+20 1e+20 1e+20 1e+20 1e+20 1e+20 1e+20 1.7298743844032294
1e+20 1e+20 1e+20 1e+20 1e+20 1e+20 1e+20 1e+20 1e+20 1e+20 1e+20 1e+20 1.7298743844032294
1e+20 1e+20 1e+20 1e+20 1e+20 1e+20 1e+20 1e+20 1e+20 1e+20 1e+20 1e+20 1.7298743844032294
1e+20 1e+20 1e+20 1e+20 1e+20 1e+20 1e+20 1e+20 1e+20 1e+20 1e+20 1e+20 1.7298743844032294
1e+20 1e+20 1e+20 1e+20 1e+20 1e+20 1e+20 1e+20 1e+20 1e+20 1e+20 1e+20 1.7298743844032294
1e+20 1e+20 1e+20 1e+20 1e+20 1e+20 1e+20 1e+20 1e+20 1e+20 1e+20 1e+20 1.7298743844032294
1e+20 1e+20 1e+20 1e+20 1e+20 1e+20 1e+20 1e+20 1e+20 1e+20 1e+20 1e+20 1.7298743844032294
1e+20 1e+20 1e+20 1e+20 1e+20 1e+20 1e+20 1e+20 1e+20 1e+20 1e+20 1e+20 1.7298743844032294
1e+20 1e+20 1e+20 1e+20 1e+20 1e+20 1e+20 1e+20 1e+20 1e+20 1e+20 1e+20 1.7298743844032294
1e+20 1e+20 1e+20 1e+20 1e+20 1e+20 1e+20 1e+20 1e+20 1e+20 1e+20 1e+20 1.7298743844032294
1e+20 1e+20 1e+20 1e+20 1e+20 1e+20 1e+20 1e+20 1e+20 1e+20 1e+20 1e+20 1.7298743844032294
1e+20 1e+20 1e+20 1e+20 1e+20 1e+20 1e+20 1e+20 1e+20 1e+20 1e+20 1e+20 1.7298743844032294
1e+20 1e+20 1e+20 1e+20 1e+20 1e+20 1e+20 1e+20 1e+20 1e+20 1e+20 1e+20 1.7298743844032294
1e+20 1e+20 1e+20 1e+20 1e+20 1e+20 1e+20 1e+20 1e+20 1e+20 1e+20 1e+20 1.7298743844032294
1e+20 1e+20 1e+20 1e+20 1e+20 1e+20 1e+20 1e+20 1e+20 1e+20 1e+20 1e+20 1.7298743844032294
1e+20 1e+20 1e+20 1e+20 1e+20 1e+20 1e+20 1e+20 1e+20 1e+20 1e+20 1e+20 1.7298743844032294
1e+20 1e+20 1e+20 1e+20 1e+20 1e+20 1e+20 1e+20 1e+20 1e+20 1e+20 1e+20 1.7298743844032294
1e+20 1e+20 1e+20 1e+20 1e+20 1e+20 1e+20 1e+20 1e+20 1e+20 1e+20 1e+20 1.7298743844032294
1e+20 1e+20 1e+20 1e+20 1e+20 1e+20 1e+20 1e+20 1e+20 1e+20 1e+20 1e+20 1.7298743844032294
1e+20 1e+20 1e+20 1e+20 1e+20 1e+20 1e+20 1e+20 1e+20 1e+20 1e+20 1e+20 1.7298743844032294
1e+20 1e+20 1e+20 1e+20 1e+20 1e+20 1e+20 1e+20 1e+20 1e+20 1e+20 1e+20 1.7298743844032294
1e+20 1e+20 1e+20 1e+20 1e+20 1e+20 1e+20 1e+20 1e+20 1e+20 1e+20 1e+20 1.7298743844032294
1e+20 1e+20 1e+20 1e+20 1e+20 1e+20 1e+20 1e+20 1e+20 1e+20 1e+20 1e+20 1.7298743844032294
1e+20 1e+20 1e+20 1e+20 1e+20 1e+20 1e+20 1e+20 1e+20 1e+20 1e+20 1e+20 1.7298743844032294
1e+20 1e+20 1e+20 1e+20 1e+20 1e+20 1e+20 1e+20 1e+20 1e+20 1e+20 1e+20 1.7298743844032294
1e+20 1e+20 1e+20 1e+20 1e+20 1e+20 1e+20 1e+20 1e+20 1e+20 1e+20 1e+20 1.7298743844032294
1e+20 1e+20 1e+20 1e+20 1e+20 1e+20 1e+20 1e+20 1e+20 1e+20 1e+20 1e+20 1.7298743844032294
1e+20 1e+20 1e+20 1e+20 1e+20 1e+20 1e+20 1e+20 1e+20 1e+20 1e+20 1e+20 1.7298743844032294
1e+20 1e+20 1e+20 1e+20 1e+20 1e+20 1e+20 1e+20 1e+20 1e+20 1e+20 1e+20 1.7298743844032294
1e+20 1e+20 1e+20 1e+20 1e+20 1e+20 1e+20 1e+20 1e+20 1e+20 1e+20 1e+20 1.7298743844032294
1e+20 1e+20 1e+20 1e+20 1e+20 1e+20 1e+20 1e+20 1e+20 1e+20 1e+20 1e+20 1.7298743844032294
1e+20 1e+20 1e+20 1e+20 1e+20 1e+20 1e+20 1e+20 1e+20 1e+20 1e+20 1e+20 1.7298743844032294
1e+20 1e+20 1e+20 1e+20 1e+20 1e+20 1e+20 1e+20 1e+20 1e+20 1e+20 1e+20 1.7298743844032294
1e+20 1e+20 1e+20 1e+20 1e+20 1e+20 1e+20 1e+20 1e+20 1e+20 1e+20 1e+20 1.7298743844032294
1e+20 1e+20 1e+20 1e+20 1e+20 1e+20 1e+20 1e+20 1e+20 1e+20 1e+20 1e+20 1.7298743844032294
1e+20 1e+20 1e+20 1e+20 1e+20 1e+20 1e+20 1e+20 1e+20 1e+20 1e+20 1e+20 1.7298743844032294
1e+20 1e+20 1e+20 1e+20 1e+20 1e+20 1e+20 1e+20 1e+20 1e+20 1e+20 1e+20 1.7298743844032294
1e+20 1e+20 1e+20 1e+20 1e+20 1e+20 1e+20 1e+20 1e+20 1e+20 1e+20 1e+20 1.7298743844032294
1e+20 1e+20 1e+20 1e+20 1e+20 1e+20 1e+20 1e+20 1e+20 1e+20 1e+20 1e+20 1.7298743844032294
1e+20 1e+20 1e+20 1e+20 1e+20 1e+20 1e+20 1e+20 1e+20 1e+20 1e+20 1e+20 1.7298743844032294
1e+20 1e+20 1e+20 1e+20 1e+20 1e+20 1e+20 1e+20 1e+20 1e+20 1e+20 1e+20 1.7298743844032294
1e+20 1e+20 1e+20 1e+20 1e+20 1e+20 1e+20 1e+20 1e+20 1e+20 1e+20 1e+20 1.7298743844032294
1e+20 1e+20 1e+20 1e+20 1e+20 1e+20 1e+20 1e+20 1e+20 1e+20 1e+20 1e+20 1.7298743844032294
1e+20 1e+20 1e+20 1e+20 1e+20 1e+20 1e+20 1e+20 1e+20 1e+20 1e+20 1e+20 1.7298743844032294
1e+20 1e+20 1e+20 1e+20 1e+20 1e+20 1e+20 1e+20 1e+20 1e+20 1e+20 1e+20 1.7298743844032294
1e+20 1e+20 1e+20 1e+20 1e+20 1e+20 1e+20 1e+20 1e+20 1e+20 1e+20 1e+20 1.7298743844032294
1e+20 1e+20 1e+20 1e+20 1e+20 1e+20 1e+20 1e+20 1e+20 1e+20 1e+20 1e+20 1.7298743844032294
1e+20 1e+20 1e+20 1e+20 1e+20 1e+20 1e+20 1e+20 1e+20 1e+20 1e+20 1e+20 1.7298743844032294
1e+20 1e+20 1e+20 1e+20 1e+20 1e+20 1e+20 1e+20 1e+20 1e+20 1e+20 1e+20 1.7298743844032294
1e+20 1e+20 1e+20 1e+20 1e+20 1e+20 1e+20 1e+20 1e+20 1e+20 1e+20 1e+20 1.7298743844032294
1e+20 1e+20 1e+20 1e+20 1e+20 1e+20 1e+20 1e+20 1e+20 1e+20 1e+20 1e+20 1.7298743844032294
1e+20 1e+20 1e+20 1e+20 1e+20 1e+20 1e+20 1e+20 1e+20 1e+20 1e+20 1e+20 1.7298743844032294
1e+20 1e+20 1e+20 1e+20 1e+20 1e+20 1e+20 1e+20 1e+20 1e+20 1e+20 1e+20 1.7298743844032294
1e+20 1e+20 1e+20 1e+20 1e+20 1e+20 1e+20 1e+20 1e+20 1e+20 1e+20 1e+20 1.7298743844032294
1e+20 1e+20 1e+20 1e+20 1e+20 1e+20 1e+20 1e+20 1e+20 1e+20 1e+20 1e+20 1.7298743844032294
1e+20 1e+20 1e+20 1e+20 1e+20 1e+20 1e+20 1e+20 1e+20 1e+20 1e+20 1e+20 1.7298743844032294
1e+20 1e+20 1e+20 1e+20 1e+20 1e+20 1e+20 1e+20 1e+20 1e+20 1e+20 1e+20 1.7298743844032294
1e+20 1e+20 1e+20 1e+20 1e+20 1e+20 1e+20 1e+20 1e+20 1e+20 1e+20 1e+20 1.7298743844032294
1e+20 1e+20 1e+20 1e+20 1e+20 1e+20 1e+20 1e+20 1e+20 1e+20 1e+20 1e+20 1.7298743844032294
1e+20 1e+20 1e+20 1e+20 1e+20 1e+20 1e+20 1e+20 1e+20 1e+20 1e+20 1e+20 1.7298743844032294
1e+20 1e+20 1e+20 1e+20 1e+20 1e+20 1e+20 1e+20 1e+20 1e+20 1e+20 1e+20 1.7298743844032294
1e+20 1e+20 1e+20 1e+20 1e+20 1e+20 1e+20 1e+20 1e+20 1e+20 1e+20 1e+20 1.7298743844032294
1e+20 1e+20 1e+20 1e+20 1e+20 1e+20 1e+20 1e+20 1e+20 1e+20 1e+20 1e+20 1.7298743844032294
1e+20 1e+20 1e+20 1e+20 1e+20 1e+20 1e+20 1e+20 1e+20 1e+20 1e+20 1e+20 1.7298743844032294
1e+20 1e+20 1e+20 1e+20 1e+20 1e+20 1e+20 1e+20 1e+20 1e+20 1e+20 1e+20 1.7298743844032294
1e+20 1e+20 1e+20 1e+20 1e+20 1e+20 1e+20 1e+20 1e+20 1e+20 1e+20 1e+20 1.7298743844032294
1e+20 1e+20 1e+20 1e+20 1e+20 1e+20 1e+20 1e+20 1e+20 1e+20 1e+20 1e+20 1.7298743844032294
1e+20 1e+20 1e+20 1e+20 1e+20 1e+20 1e+20 1e+20 1e+20 1e+20 1e+20 1e+20 1.7298743844032294
1e+20 1e+20 1e+20 1e+20 1e+20 1e+20 1e+20 1e+20 1e+20 1e+20 1e+20 1e+20 1.7298743844032294
1e+20 1e+20 1e+20 1e+20 1e+20 1e+20 1e+20 1e+20 1e+20 1e+20 1e+20 1e+20 1.7298743844032294
1e+20 1e+20 1e+20 1e+20 1e+20 1e+20 1e+20 1e+20 1e+20 1e+20 1e+20 1e+20 1.7298743844032294
1e+20 1e+20 1e+20 1e+20 1e+20 1e+20 1e+20 1e+20 1e+20 1e+20 1e+20 1e+20 1.7298743844032294
1e+20 1e+20 1e+20 1e+20 1e+20 1e+20 1e+20 1e+20 1e+20 1e+20 1e+20 1e+20 1.7298743844032294
1e+20 1e+20 1e+20 1e+20 1e+20 1e+20 1e+20 1e+20 1e+20 1e+20 1e+20 1e+20 1.7298743844032294
1e+20 1e+20 1e+20 1e+20 1e+20 1e+20 1e+20 1e+20 1e+20 1e+20 1e+20 1e+20 1.7298743844032294
1e+20 1e+20 1e+20 1e+20 1e+20 1e+20 1e+20 1e+20 1e+20 1e+20 1e+20 1e+20 1.7298743844032294
1e+20 1e+20 1e+20 1e+20 1e+20 1e+20 1e+20 1e+20 1e+20 1e+20 1e+20 1e+20 1.7298743844032294
1e+20 1e+20 1e+20 1e+20 1e+20 1e+20 1e+20 1e+20 1e+20 1e+20 1e+20 1e+20 1.7298743844032294
1e+20 1e+20 1e+20 1e+20 1e+20 1e+20 1e+20 1e+20 1e+20 1e+20 1e+20 1e+20 1.7298743844032294
1e+20 1e+20 1e+20 1e+20 1e+20 1e+20 1e+20 1e+20 1e+20 1e+20 1e+20 1e+20 1.7298743844032294
1e+20 1e+20 1e+20 1e+20 1e+20 1e+20 1e+20 1e+20 1e+20 1e+20 1e+20 1e+20 1.7298743844032294
1e+20 1e+20 1e+20 1e+20 1e+20 1e+20 1e+20 1e+20 1e+20 1e+20 1e+20 1e+20 1.7298743844032294
1e+20 1e+20 1e+20 1e+20 1e+20 1e+20 1e+20 1e+20 1e+20 1e+20 1e+20 1e+20 1.7298743844032294
1e+20 1e+20 1e+20 1e+20 1e+20 1e+20 1e+20 1e+20 1e+20 1e+20 1e+20 1e+20 1.7298743844032294
1e+20 1e+20 1e+20 1e+20 1e+20 1e+20 1e+20 1e+20 1e+20 1e+20 1e+20 1e+20 1.7298743844032294
1e+20 1e+20 1e+20 1e+20 1e+20 1e+20 1e+20 1e+20 1e+20 1e+20 1e+20 1e+20 1.7298743844032294
1e+20 1e+20 1e+20 1e+20 1e+20 1e+20 1e+20 1e+20 1e+20 1e+20 1e+20 1e+20 1.7298743844032294
1e+20 1e+20 1e+20 1e+20 1e+20 1e+20 1e+20 1e+20 1e+20 1e+20 1e+20 1e+20 1.7298743844032294
1e+20 1e+20 1e+20 1e+20 1e+20 1e+20 1e+20 1e+20 1e+20 1e+20 1e+20 1e+20 1.7298743844032294
1e+20 1e+20 1e+20 1e+20 1e+20 1e+20 1e+20 1e+20 1e+20 1e+20 1e+20 1e+20 1.7298743844032294
1e+20 1e+20 1e+20 1e+20 1e+20 1e+20 1e+20 1e+20 1e+20 1e+20 1e+20 1e+20 1.7298743844032294
1e+20 1e+20 1e+20 1e+20 1e+20 1e+20 1e+20 1e+20 1e+20 1e+20 1e+20 1e+20 1.7298743844032294
1e+20 1e+20 1e+20 1e+20 1e+20 1e+20 1e+20 1e+20 1e+20 1e+20 1e+20 1e+20 1.7298743844032294
1e+20 1e+20 1e+20 1e+20 1e+20 1e+20 1e+20 1e+20 1e+20 1e+20 1e+20 1e+20 1.7298743844032294
1e+20 1e+20 1e+20 1e+20 1e+20 1e+20 1e+20 1e+20 1e+20 1e+20 1e+20 1e+20 1.7298743844032294
1e+20 1e+20 1e+20 1e+20 1e+20 1e+20 1e+20 1e+20 1e+20 1e+20 1e+20 1e+20 1.7298743844032294
1e+20 1e+20 1e+20 1e+20 1e+20 1e+20 1e+20 1e+20 1e+20 1e+20 1e+20 1e+20 1.7298743844032294
1e+20 1e+20 1e+20 1e+20 1e+20 1e+20 1e+20 1e+20 1e+20 1e+20 1e+20 1e+20 1.7298743844032294
1e+20 1e+20 1e+20 1e+20 1e+20 1e+20 1e+20 1e+20 1e+20 1e+20 1e+20 1e+20 1.7298743844032294
1e+20 1e+20 1e+20 1e+20 1e+20 1e+20 1e+20 1e+20 1e+20 1e+20 1e+20 1e+20 1.7298743844032294
1e+20 1e+20 1e+20 1e+20 1e+20 1e+20 1e+20 1e+20 1e+20 1e+20 1e+20 1e+20 1.7298743844032294
1e+20 1e+20 1e+20 1e+20 1e+20 1e+20 1e+20 1e+20 1e+20 1e+20 1e+20 1e+20 1.7298743844032294
1e+20 1e+20 1e+20 1e+20 1e+20 1e+20 1e+20 1e+20 1e+20 1e+20 1e+20 1e+20 1.7298743844032294
1e+20 1e+20 1e+20 1e+20 1e+20 1e+20 1e+20 1e+20 1e+20 1e+20 1e+20 1e+20 1.7298743844032294
1e+20 1e+20 1e+20 1e+20 1e+20 1e+20 1e+20 1e+20 1e+20 1e+20 1e+20 1e+20 1.7298743844032294
1e+20 1e+20 1e+20 1e+20 1e+20 1e+20 1e+20 1e+20 1e+20 1e+20 1e+20 1e+20 1.7298743844032294
1e+20 1e+20 1e+20 1e+20 1e+20 1e+20 1e+20 1e+20 1e+20 1e+20 1e+20 1e+20 1.7298743844032294
1e+20 1e+20 1e+20 1e+20 1e+20 1e+20 1e+20 1e+20 1e+20 1e+20 1e+20 1e+20 1.7298743844032294
1e+20 1e+20 1e+20 1e+20 1e+20 1e+20 1e+20 1e+20 1e+20 1e+20 1e+20 1e+20 1.7298743844032294
1e+20 1e+20 1e+20 1e+20 1e+20 1e+20 1e+20 1e+20 1e+20 1e+20 1e+20 1e+20 1.7298743844032294
1e+20 1e+20 1e+20 1e+20 1e+20 1e+20 1e+20 1e+20 1e+20 1e+20 1e+20 1e+20 1.7298743844032294
1e+20 1e+20 1e+20 1e+20 1e+20 1e+20 1e+20 1e+20 1e+20 1e+20 1e+20 1e+20 1.7298743844032294
1e+20 1e+20 1e+20 1e+20 1e+20 1e+20 1e+20 1e+20 1e+20 1e+20 1e+20 1e+20 1.7298743844032294
1e+20 1e+20 1e+20 1e+20 1e+20 1e+20 1e+20 1e+20 1e+20 1e+20 1e+20 1e+20 1.7298743844032294
1e+20 1e+20 1e+20 1e+20 1e+20 1e+20 1e+20 1e+20 1e+20 1e+20 1e+20 1e+20 1.7298743844032294
1e+20 1e+20 1e+20 1e+20 1e+20 1e+20 1e+20 1e+20 1e+20 1e+20 1e+20 1e+20 1.7298743844032294
1e+20 1e+20 1e+20 1e+20 1e+20 1e+20 1e+20 1e+20 1e+20 1e+20 1e+20 1e+20 1.7298743844032294
1e+20 1e+20 1e+20 1e+20 1e+20 1e+20 1e+20 1e+20 1e+20 1e+20 1e+20 1e+20 1.7298743844032294
1e+20 1e+20 1e+20 1e+20 1e+20 1e+20 1e+20 1e+20 1e+20 1e+20 1e+20 1e+20 1.7298743844032294
1e+20 1e+20 1e+20 1e+20 1e+20 1e+20 1e+20 1e+20 1e+20 1e+20 1e+20 1e+20 1.7298743844032294
1e+20 1e+20 1e+20 1e+20 1e+20 1e+20 1e+20 1e+20 1e+20 1e+20 1e+20 1e+20 1.7298743844032294
1e+20 1e+20 1e+20 1e+20 1e+20 1e+20 1e+20 1e+20 1e+20 1e+20 1e+20 1e+20 1.7298743844032294
1e+20 1e+20 1e+20 1e+20 1e+20 1e+20 1e+20 1e+20 1e+20 1e+20 1e+20 1e+20 1.7298743844032294
1e+20 1e+20 1e+20 1e+20 1e+20 1e+20 1e+20 1e+20 1e+20 1e+20 1e+20 1e+20 1.7298743844032294
1e+20 1e+20 1e+20 1e+20 1e+20 1e+20 1e+20 1e+20 1e+20 1e+20 1e+20 1e+20 1.7298743844032294
1e+20 1e+20 1e+20 1e+20 1e+20 1e+20 1e+20 1e+20 1e+20 1e+20 1e+20 1e+20 1.7298743844032294
1e+20 1e+20 1e+20 1e+20 1e+20 1e+20 1e+20 1e+20 1e+20 1e+20 1e+20 1e+20 1.7298743844032294
1e+20 1e+20 1e+20 1e+20 1e+20 1e+20 1e+20 1e+20 1e+20 1e+20 1e+20 1e+20 1.7298743844032294
1e+20 1e+20 1e+20 1e+20 1e+20 1e+20 1e+20 1e+20 1e+20 1e+20 1e+20 1e+20 1.7298743844032294
1e+20 1e+20 1e+20 1e+20 1e+20 1e+20 1e+20 1e+20 1e+20 1e+20 1e+20 1e+20 1.7298743844032294
1e+20 1e+20 1e+20 1e+20 1e+20 1e+20 1e+20 1e+20 1e+20 1e+20 1e+20 1e+20 1.7298743844032294
1e+20 1e+20 1e+20 1e+20 1e+20 1e+20 1e+20 1e+20 1e+20 1e+20 1e+20 1e+20 1.7298743844032294
1e+20 1e+20 1e+20 1e+20 1e+20 1e+20 1e+20 1e+20 1e+20 1e+20 1e+20 1e+20 1.7298743844032294
1e+20 1e+20 1e+20 1e+20 1e+20 1e+20 1e+20 1e+20 1e+20 1e+20 1e+20 1e+20 1.7298743844032294
1e+20 1e+20 1e+20 1e+20 1e+20 1e+20 1e+20 1e+20 1e+20 1e+20 1e+20 1e+20 1.7298743844032294
1e+20 1e+20 1e+20 1e+20 1e+20 1e+20 1e+20 1e+20 1e+20 1e+20 1e+20 1e+20 1.7298743844032294
1e+20 1e+20 1e+20 1e+20 1e+20 1e+20 1e+20 1e+20 1e+20 1e+20 1e+20 1e+20 1.7298743844032294
1e+20 1e+20 1e+20 1e+20 1e+20 1e+20 1e+20 1e+20 1e+20 1e+20 1e+20 1e+20 1.7298743844032294
1e+20 1e+20 1e+20 1e+20 1e+20 1e+20 1e+20 1e+20 1e+20 1e+20 1e+20 1e+20 1.7298743844032294
1e+20 1e+20 1e+20 1e+20 1e+20 1e+20 1e+20 1e+20 1e+20 1e+20 1e+20 1e+20 1.7298743844032294
1e+20 1e+20 1e+20 1e+20 1e+20 1e+20 1e+20 1e+20 1e+20 1e+20 1e+20 1e+20 1.7298743844032294
1e+20 1e+20 1e+20 1e+20 1e+20 1e+20 1e+20 1e+20 1e+20 1e+20 1e+20 1e+20 1.7298743844032294
1e+20 1e+20 1e+20 1e+20 1e+20 1e+20 1e+20 1e+20 1e+20 1e+20 1e+20 1e+20 1.7298743844032294
1e+20 1e+20 1e+20 1e+20 1e+20 1e+20 1e+20 1e+20 1e+20 1e+20 1e+20 1e+20 1.7298743844032294
1e+20 1e+20 1e+20 1e+20 1e+20 1e+20 1e+20 1e+20 1e+20 1e+20 1e+20 1e+20 1.7298743844032294
1e+20 1e+20 1e+20 1e+20 1e+20 1e+20 1e+20 1e+20 1e+20 1e+20 1e+20 1e+20 1.7298743844032294
1e+20 1e+20 1e+20 1e+20 1e+20 1e+20 1e+20 1e+20 1e+20 1e+20 1e+20 1e+20 1.7298743844032294
1e+20 1e+20 1e+20 1e+20 1e+20 1e+20 1e+20 1e+20 1e+20 1e+20 1e+20 1e+20 1.7298743844032294
1e+20 1e+20 1e+20 1e+20 1e+20 1e+20 1e+20 1e+20 1e+20 1e+20 1e+20 1e+20 1.7298743844032294
1e+20 1e+20 1e+20 1e+20 1e+20 1e+20 1e+20 1e+20 1e+20 1e+20 1e+20 1e+20 1.7298743844032294
1e+20 1e+20 1e+20 1e+20 1e+20 1e+20 1e+20 1e+20 1e+20 1e+20 1e+20 1e+20 1.7298743844032294
1e+20 1e+20 1e+20 1e+20 1e+20 1e+20 1e+20 1e+20 1e+20 1e+20 1e+20 1e+20 1.7298743844032294
1e+20 1e+20 1e+20 1e+20 1e+20 1e+20 1e+20 1e+20 1e+20 1e+20 1e+20 1e+20 1.7298743844032294
1e+20 1e+20 1e+20 1e+20 1e+20 1e+20 1e+20 1e+20 1e+20 1e+20 1e+20 1e+20 1.7298743844032294
1e+20 1e+20 1e+20 1e+20 1e+20 1e+20 1e+20 1e+20 1e+20 1e+20 1e+20 1e+20 1.7298743844032294
1e+20 1e+20 1e+20 1e+20 1e+20 1e+20 1e+20 1e+20 1e+20 1e+20 1e+20 1e+20 1.7298743844032294
1e+20 1e+20 1e+20 1e+20 1e+20 1e+20 1e+20 1e+20 1e+20 1e+20 1e+20 1e+20 1.7298743844032294
1e+20 1e+20 1e+20 1e+20 1e+20 1e+20 1e+20 1e+20 1e+20 1e+20 1e+20 1e+20 1.7298743844032294
1e+20 1e+20 1e+20 1e+20 1e+20 1e+20 1e+20 1e+20 1e+20 1e+20 1e+20 1e+20 1.7298743844032294
1e+20 1e+20 1e+20 1e+20 1e+20 1e+20 1e+20 1e+20 1e+20 1e+20 1e+20 1e+20 1.7298743844032294
1e+20 1e+20 1e+20 1e+20 1e+20 1e+20 1e+20 1e+20 1e+20 1e+20 1e+20 1e+20 1.7298743844032294
1e+20 1e+20 1e+20 1e+20 1e+20 1e+20 1e+20 1e+20 1e+20 1e+20 1e+20 1e+20 1.7298743844032294
1e+20 1e+20 1e+20 1e+20 1e+20 1e+20 1e+20 1e+20 1e+20 1e+20 1e+20 1e+20 1.7298743844032294
1e+20 1e+20 1e+20 1e+20 1e+20 1e+20 1e+20 1e+20 1e+20 1e+20 1e+20 1e+20 1.7298743844032294
1e+20 1e+20 1e+20 1e+20 1e+20 1e+20 1e+20 1e+20 1e+20 1e+20 1e+20 1e+20 1.7298743844032294
1e+20 1e+20 1e+20 1e+20 1e+20 1e+20 1e+20 1e+20 1e+20 1e+20 1e+20 1e+20 1.7298743844032294
1e+20 1e+20 1e+20 1e+20 1e+20 1e+20 1e+20 1e+20 1e+20 1e+20 1e+20 1e+20 1.7298743844032294
1e+20 1e+20 1e+20 1e+20 1e+20 1e+20 1e+20 1e+20 1e+20 1e+20 1e+20 1e+20 1.7298743844032294
1e+20 1e+20 1e+20 1e+20 1e+20 1e+20 1e+20 1e+20 1e+20 1e+20 1e+20 1e+20 1.7298743844032294
1e+20 1e+20 1e+20 1e+20 1e+20 1e+20 1e+20 1e+20 1e+20 1e+20 1e+20 1e+20 1.7298743844032294
1e+20 1e+20 1e+20 1e+20 1e+20 1e+20 1e+20 1e+20 1e+20 1e+20 1e+20 1e+20 1.7298743844032294
1e+20 1e+20 1e+20 1e+20 1e+20 1e+20 1e+20 1e+20 1e+20 1e+20 1e+20 1e+20 1.7298743844032294
1e+20 1e+20 1e+20 1e+20 1e+20 1e+20 1e+20 1e+20 1e+20 1e+20 1e+20 1e+20 1.7298743844032294
1e+20 1e+20 1e+20 1e+20 1e+20 1e+20 1e+20 1e+20 1e+20 1e+20 1e+20 1e+20 1.7298743844032294
1e+20 1e+20 1e+20 1e+20 1e+20 1e+20 1e+20 1e+20 1e+20 1e+20 1e+20 1e+20 1.7298743844032294
1e+20 1e+20 1e+20 1e+20 1e+20 1e+20 1e+20 1e+20 1e+20 1e+20 1e+20 1e+20 1.7298743844032294
1e+20 1e+20 1e+20 1e+20 1e+20 1e+20 1e+20 1e+20 1e+20 1e+20 1e+20 1e+20 1.7298743844032294
1e+20 1e+20 1e+20 1e+20 1e+20 1e+20 1e+20 1e+20 1e+20 1e+20 1e+20 1e+20 1.7298743844032294
1e+20 1e+20 1e+20 1e+20 1e+20 1e+20 1e+20 1e+20 1e+20 1e+20 1e+20 1e+20 1.7298743844032294
1e+20 1e+20 1e+20 1e+20 1e+20 1e+20 1e+20 1e+20 1e+20 1e+20 1e+20 1e+20 1.7298743844032294
1e+20 1e+20 1e+20 1e+20 1e+20 1e+20 1e+20 1e+20 1e+20 1e+20 1e+20 1e+20 1.7298743844032294
1e+20 1e+20 1e+20 1e+20 1e+20 1e+20 1e+20 1e+20 1e+20 1e+20 1e+20 1e+20 1.7298743844032294
1e+20 1e+20 1e+20 1e+20 1e+20 1e+20 1e+20 1e+20 1e+20 1e+20 1e+20 1e+20 1.7298743844032294
1e+20 1e+20 1e+20 1e+20 1e+20 1e+20 1e+20 1e+20 1e+20 1e+20 1e+20 1e+20 1.7298743844032294
1e+20 1e+20 1e+20 1e+20 1e+20 1e+20 1e+20 1e+20 1e+20 1e+20 1e+20 1e+20 1.7298743844032294
1e+20 1e+20 1e+20 1e+20 1e+20 1e+20 1e+20 1e+20 1e+20 1e+20 1e+20 1e+20 1.7298743844032294
1e+20 1e+20 1e+20 1e+20 1e+20 1e+20 1e+20 1e+20 1e+20 1e+20 1e+20 1e+20 1.7298743844032294
1e+20 1e+20 1e+20 1e+20 1e+20 1e+20 1e+20 1e+20 1e+20 1e+20 1e+20 1e+20 1.7298743844032294
1e+20 1e+20 1e+20 1e+20 1e+20 1e+20 1e+20 1e+20 1e+20 1e+20 1e+20 1e+20 1.7298743844032294
1e+20 1e+20 1e+20 1e+20 1e+20 1e+20 1e+20 1e+20 1e+20 1e+20 1e+20 1e+20 1.7298743844032294
1e+20 1e+20 1e+20 1e+20 1e+20 1e+20 1e+20 1e+20 1e+20 1e+20 1e+20 1e+20 1.7298743844032294
1e+20 1e+20 1e+20 1e+20 1e+20 1e+20 1e+20 1e+20 1e+20 1e+20 1e+20 1e+20 1.7298743844032294
1e+20 1e+20 1e+20 1e+20 1e+20 1e+20 1e+20 1e+20 1e+20 1e+20 1e+20 1e+20 1.7298743844032294
1e+20 1e+20 1e+20 1e+20 1e+20 1e+20 1e+20 1e+20 1e+20 1e+20 1e+20 1e+20 1.7298743844032294
1e+20 1e+20 1e+20 1e+20 1e+20 1e+20 1e+20 1e+20 1e+20 1e+20 1e+20 1e+20 1.7298743844032294
1e+20 1e+20 1e+20 1e+20 1e+20 1e+20 1e+20 1e+20 1e+20 1e+20 1e+20 1e+20 1.7298743844032294
1e+20 1e+20 1e+20 1e+20 1e+20 1e+20 1e+20 1e+20 1e+20 1e+20 1e+20 1e+20 1.7298743844032294
1e+20 1e+20 1e+20 1e+20 1e+20 1e+20 1e+20 1e+20 1e+20 1e+20 1e+20 1e+20 1.7298743844032294
1e+20 1e+20 1e+20 1e+20 1e+20 1e+20 1e+20 1e+20 1e+20 1e+20 1e+20 1e+20 1.7298743844032294
1e+20 1e+20 1e+20 1e+20 1e+20 1e+20 1e+20 1e+20 1e+20 1e+20 1e+20 1e+20 1.7298743844032294
1e+20 1e+20 1e+20 1e+20 1e+20 1e+20 1e+20 1e+20 1e+20 1e+20 1e+20 1e+20 1.7298743844032294
1e+20 1e+20 1e+20 1e+20 1e+20 1e+20 1e+20 1e+20 1e+20 1e+20 1e+20 1e+20 1.7298743844032294
1e+20 1e+20 1e+20 1e+20 1e+20 1e+20 1e+20 1e+20 1e+20 1e+20 1e+20 1e+20 1.7298743844032294
1e+20 1e+20 1e+20 1e+20 1e+20 1e+20 1e+20 1e+20 1e+20 1e+20 1e+20 1e+20 1.7298743844032294
1e+20 1e+20 1e+20 1e+20 1e+20 1e+20 1e+20 1e+20 1e+20 1e+20 1e+20 1e+20 1.7298743844032294
1e+20 1e+20 1e+20 1e+20 1e+20 1e+20 1e+20 1e+20 1e+20 1e+20 1e+20 1e+20 1.7298743844032294
1e+20 1e+20 1e+20 1e+20 1e+20 1e+20 1e+20 1e+20 1e+20 1e+20 1e+20 1e+20 1.7298743844032294
1e+20 1e+20 1e+20 1e+20 1e+20 1e+20 1e+20 1e+20 1e+20 1e+20 1e+20 1e+20 1.7298743844032294
1e+20 1e+20 1e+20 1e+20 1e+20 1e+20 1e+20 1e+20 1e+20 1e+20 1e+20 1e+20 1.7298743844032294
1e+20 1e+20 1e+20 1e+20 1e+20 1e+20 1e+20 1e+20 1e+20 1e+20 1e+20 1e+20 1.7298743844032294
1e+20 1e+20 1e+20 1e+20 1e+20 1e+20 1e+20 1e+20 1e+20 1e+20 1e+20 1e+20 1.7298743844032294
1e+20 1e+20 1e+20 1e+20 1e+20 1e+20 1e+20 1e+20 1e+20 1e+20 1e+20 1e+20 1.7298743844032294
1e+20 1e+20 1e+20 1e+20 1e+20 1e+20 1e+20 1e+20 1e+20 1e+20 1e+20 1e+20 1.7298743844032294
1e+20 1e+20 1e+20 1e+20 1e+20 1e+20 1e+20 1e+20 1e+20 1e+20 1e+20 1e+20 1.7298743844032294
1e+20 1e+20 1e+20 1e+20 1e+20 1e+20 1e+20 1e+20 1e+20 1e+20 1e+20 1e+20 1.7298743844032294
1e+20 1e+20 1e+20 1e+20 1e+20 1e+20 1e+20 1e+20 1e+20 1e+20 1e+20 1e+20 1.7298743844032294
1e+20 1e+20 1e+20 1e+20 1e+20 1e+20 1e+20 1e+20 1e+20 1e+20 1e+20 1e+20 1.7298743844032294
1e+20 1e+20 1e+20 1e+20 1e+20 1e+20 1e+20 1e+20 1e+20 1e+20 1e+20 1e+20 1.7298743844032294
1e+20 1e+20 1e+20 1e+20 1e+20 1e+20 1e+20 1e+20 1e+20 1e+20 1e+20 1e+20 1.7298743844032294
1e+20 1e+20 1e+20 1e+20 1e+20 1e+20 1e+20 1e+20 1e+20 1e+20 1e+20 1e+20 1.7298743844032294
1e+20 1e+20 1e+20 1e+20 1e+20 1e+20 1e+20 1e+20 1e+20 1e+20 1e+20 1e+20 1.7298743844032294
1e+20 1e+20 1e+20 1e+20 1e+20 1e+20 1e+20 1e+20 1e+20 1e+20 1e+20 1e+20 1.7298743844032294
1e+20 1e+20 1e+20 1e+20 1e+20 1e+20 1e+20 1e+20 1e+20 1e+20 1e+20 1e+20 1.7298743844032294
1e+20 1e+20 1e+20 1e+20 1e+20 1e+20 1e+20 1e+20 1e+20 1e+20 1e+20 1e+20 1.7298743844032294
1e+20 1e+20 1e+20 1e+20 1e+20 1e+20 1e+20 1e+20 1e+20 1e+20 1e+20 1e+20 1.7298743844032294
1e+20 1e+20 1e+20 1e+20 1e+20 1e+20 1e+20 1e+20 1e+20 1e+20 1e+20 1e+20 1.7298743844032294
1e+20 1e+20 1e+20 1e+20 1e+20 1e+20 1e+20 1e+20 1e+20 1e+20 1e+20 1e+20 1.7298743844032294
1e+20 1e+20 1e+20 1e+20 1e+20 1e+20 1e+20 1e+20 1e+20 1e+20 1e+20 1e+20 1.7298743844032294
1e+20 1e+20 1e+20 1e+20 1e+20 1e+20 1e+20 1e+20 1e+20 1e+20 1e+20 1e+20 1.7298743844032294
1e+20 1e+20 1e+20 1e+20 1e+20 1e+20 1e+20 1e+20 1e+20 1e+20 1e+20 1e+20 1.7298743844032294
1e+20 1e+20 1e+20 1e+20 1e+20 1e+20 1e+20 1e+20 1e+20 1e+20 1e+20 1e+20 1.7298743844032294
1e+20 1e+20 1e+20 1e+20 1e+20 1e+20 1e+20 1e+20 1e+20 1e+20 1e+20 1e+20 1.7298743844032294
1e+20 1e+20 1e+20 1e+20 1e+20 1e+20 1e+20 1e+20 1e+20 1e+20 1e+20 1e+20 1.7298743844032294
1e+20 1e+20 1e+20 1e+20 1e+20 1e+20 1e+20 1e+20 1e+20 1e+20 1e+20 1e+20 1.7298743844032294
1e+20 1e+20 1e+20 1e+20 1e+20 1e+20 1e+20 1e+20 1e+20 1e+20 1e+20 1e+20 1.7298743844032294
1e+20 1e+20 1e+20 1e+20 1e+20 1e+20 1e+20 1e+20 1e+20 1e+20 1e+20 1e+20 1.7298743844032294
1e+20 1e+20 1e+20 1e+20 1e+20 1e+20 1e+20 1e+20 1e+20 1e+20 1e+20 1e+20 1.7298743844032294
1e+20 1e+20 1e+20 1e+20 1e+20 1e+20 1e+20 1e+20 1e+20 1e+20 1e+20 1e+20 1.7298743844032294
1e+20 1e+20 1e+20 1e+20 1e+20 1e+20 1e+20 1e+20 1e+20 1e+20 1e+20 1e+20 1.7298743844032294
1e+20 1e+20 1e+20 1e+20 1e+20 1e+20 1e+20 1e+20 1e+20 1e+20 1e+20 1e+20 1.7298743844032294
1e+20 1e+20 1e+20 1e+20 1e+20 1e+20 1e+20 1e+20 1e+20 1e+20 1e+20 1e+20 1.7298743844032294
1e+20 1e+20 1e+20 1e+20 1e+20 1e+20 1e+20 1e+20 1e+20 1e+20 1e+20 1e+20 1.7298743844032294
1e+20 1e+20 1e+20 1e+20 1e+20 1e+20 1e+20 1e+20 1e+20 1e+20 1e+20 1e+20 1.7298743844032294
1e+20 1e+20 1e+20 1e+20 1e+20 1e+20 1e+20 1e+20 1e+20 1e+20 1e+20 1e+20 1.7298743844032294
1e+20 1e+20 1e+20 1e+20 1e+20 1e+20 1e+20 1e+20 1e+20 1e+20 1e+20 1e+20 1.7298743844032294
1e+20 1e+20 1e+20 1e+20 1e+20 1e+20 1e+20 1e+20 1e+20 1e+20 1e+20 1e+20 1.7298743844032294
1e+20 1e+20 1e+20 1e+20 1e+20 1e+20 1e+20 1e+20 1e+20 1e+20 1e+20 1e+20 1.7298743844032294
1e+20 1e+20 1e+20 1e+20 1e+20 1e+20 1e+20 1e+20 1e+20 1e+20 1e+20 1e+20 1.7298743844032294
1e+20 1e+20 1e+20 1e+20 1e+20 1e+20 1e+20 1e+20 1e+20 1e+20 1e+20 1e+20 1.7298743844032294
1e+20 1e+20 1e+20 1e+20 1e+20 1e+20 1e+20 1e+20 1e+20 1e+20 1e+20 1e+20 1.7298743844032294
1e+20 1e+20 1e+20 1e+20 1e+20 1e+20 1e+20 1e+20 1e+20 1e+20 1e+20 1e+20 1.7298743844032294
1e+20 1e+20 1e+20 1e+20 1e+20 1e+20 1e+20 1e+20 1e+20 1e+20 1e+20 1e+20 1.7298743844032294
1e+20 1e+20 1e+20 1e+20 1e+20 1e+20 1e+20 1e+20 1e+20 1e+20 1e+20 1e+20 1.7298743844032294
1e+20 1e+20 1e+20 1e+20 1e+20 1e+20 1e+20 1e+20 1e+20 1e+20 1e+20 1e+20 1.7298743844032294
1e+20 1e+20 1e+20 1e+20 1e+20 1e+20 1e+20 1e+20 1e+20 1e+20 1e+20 1e+20 1.7298743844032294
1e+20 1e+20 1e+20 1e+20 1e+20 1e+20 1e+20 1e+20 1e+20 1e+20 1e+20 1e+20 1.7298743844032294
1e+20 1e+20 1e+20 1e+20 1e+20 1e+20 1e+20 1e+20 1e+20 1e+20 1e+20 1e+20 1.7298743844032294
1e+20 1e+20 1e+20 1e+20 1e+20 1e+20 1e+20 1e+20 1e+20 1e+20 1e+20 1e+20 1.7298743844032294
1e+20 1e+20 1e+20 1e+20 1e+20 1e+20 1e+20 1e+20 1e+20 1e+20 1e+20 1e+20 1.7298743844032294
1e+20 1e+20 1e+20 1e+20 1e+20 1e+20 1e+20 1e+20 1e+20 1e+20 1e+20 1e+20 1.7298743844032294
1e+20 1e+20 1e+20 1e+20 1e+20 1e+20 1e+20 1e+20 1e+20 1e+20 1e+20 1e+20 1.7298743844032294
1e+20 1e+20 1e+20 1e+20 1e+20 1e+20 1e+20 1e+20 1e+20 1e+20 1e+20 1e+20 1.7298743844032294
1e+20 1e+20 1e+20 1e+20 1e+20 1e+20 1e+20 1e+20 1e+20 1e+20 1e+20 1e+20 1.7298743844032294
1e+20 1e+20 1e+20 1e+20 1e+20 1e+20 1e+20 1e+20 1e+20 1e+20 1e+20 1e+20 1.7298743844032294
1e+20 1e+20 1e+20 1e+20 1e+20 1e+20 1e+20 1e+20 1e+20 1e+20 1e+20 1e+20 1.7298743844032294
1e+20 1e+20 1e+20 1e+20 1e+20 1e+20 1e+20 1e+20 1e+20 1e+20 1e+20 1e+20 1.7298743844032294
1e+20 1e+20 1e+20 1e+20 1e+20 1e+20 1e+20 1e+20 1e+20 1e+20 1e+20 1e+20 1.7298743844032294
1e+20 1e+20 1e+20 1e+20 1e+20 1e+20 1e+20 1e+20 1e+20 1e+20 1e+20 1e+20 1.7298743844032294
1e+20 1e+20 1e+20 1e+20 1e+20 1e+20 1e+20 1e+20 1e+20 1e+20 1e+20 1e+20 1.7298743844032294
1e+20 1e+20 1e+20 1e+20 1e+20 1e+20 1e+20 1e+20 1e+20 1e+20 1e+20 1e+20 1.7298743844032294
1e+20 1e+20 1e+20 1e+20 1e+20 1e+20 1e+20 1e+20 1e+20 1e+20 1e+20 1e+20 1.7298743844032294
1e+20 1e+20 1e+20 1e+20 1e+20 1e+20 1e+20 1e+20 1e+20 1e+20 1e+20 1e+20 1.7298743844032294
1e+20 1e+20 1e+20 1e+20 1e+20 1e+20 1e+20 1e+20 1e+20 1e+20 1e+20 1e+20 1.7298743844032294
1e+20 1e+20 1e+20 1e+20 1e+20 1e+20 1e+20 1e+20 1e+20 1e+20 1e+20 1e+20 1.7298743844032294
1e+20 1e+20 1e+20 1e+20 1e+20 1e+20 1e+20 1e+20 1e+20 1e+20 1e+20 1e+20 1.7298743844032294
1e+20 1e+20 1e+20 1e+20 1e+20 1e+20 1e+20 1e+20 1e+20 1e+20 1e+20 1e+20 1.7298743844032294
1e+20 1e+20 1e+20 1e+20 1e+20 1e+20 1e+20 1e+20 1e+20 1e+20 1e+20 1e+20 1.7298743844032294
1e+20 1e+20 1e+20 1e+20 1e+20 1e+20 1e+20 1e+20 1e+20 1e+20 1e+20 1e+20 1.7298743844032294
1e+20 1e+20 1e+20 1e+20 1e+20 1e+20 1e+20 1e+20 1e+20 1e+20 1e+20 1e+20 1.7298743844032294
1e+20 1e+20 1e+20 1e+20 1e+20 1e+20 1e+20 1e+20 1e+20 1e+20 1e+20 1e+20 1.7298743844032294
1e+20 1e+20 1e+20 1e+20 1e+20 1e+20 1e+20 1e+20 1e+20 1e+20 1e+20 1e+20 1.7298743844032294
1e+20 1e+20 1e+20 1e+20 1e+20 1e+20 1e+20 1e+20 1e+20 1e+20 1e+20 1e+20 1.7298743844032294
1e+20 1e+20 1e+20 1e+20 1e+20 1e+20 1e+20 1e+20 1e+20 1e+20 1e+20 1e+20 1.7298743844032294
1e+20 1e+20 1e+20 1e+20 1e+20 1e+20 1e+20 1e+20 1e+20 1e+20 1e+20 1e+20 1.7298743844032294
1e+20 1e+20 1e+20 1e+20 1e+20 1e+20 1e+20 1e+20 1e+20 1e+20 1e+20 1e+20 1.7298743844032294
1e+20 1e+20 1e+20 1e+20 1e+20 1e+20 1e+20 1e+20 1e+20 1e+20 1e+20 1e+20 1.7298743844032294
1e+20 1e+20 1e+20 1e+20 1e+20 1e+20 1e+20 1e+20 1e+20 1e+20 1e+20 1e+20 1.7298743844032294
1e+20 1e+20 1e+20 1e+20 1e+20 1e+20 1e+20 1e+20 1e+20 1e+20 1e+20 1e+20 1.7298743844032294
1e+20 1e+20 1e+20 1e+20 1e+20 1e+20 1e+20 1e+20 1e+20 1e+20 1e+20 1e+20 1.7298743844032294
1e+20 1e+20 1e+20 1e+20 1e+20 1e+20 1e+20 1e+20 1e+20 1e+20 1e+20 1e+20 1.7298743844032294
1e+20 1e+20 1e+20 1e+20 1e+20 1e+20 1e+20 1e+20 1e+20 1e+20 1e+20 1e+20 1.7298743844032294
1e+20 1e+20 1e+20 1e+20 1e+20 1e+20 1e+20 1e+20 1e+20 1e+20 1e+20 1e+20 1.7298743844032294
1e+20 1e+20 1e+20 1e+20 1e+20 1e+20 1e+20 1e+20 1e+20 1e+20 1e+20 1e+20 1.7298743844032294
1e+20 1e+20 1e+20 1e+20 1e+20 1e+20 1e+20 1e+20 1e+20 1e+20 1e+20 1e+20 1.7298743844032294
1e+20 1e+20 1e+20 1e+20 1e+20 1e+20 1e+20 1e+20 1e+20 1e+20 1e+20 1e+20 1.7298743844032294
1e+20 1e+20 1e+20 1e+20 1e+20 1e+20 1e+20 1e+20 1e+20 1e+20 1e+20 1e+20 1.7298743844032294
1e+20 1e+20 1e+20 1e+20 1e+20 1e+20 1e+20 1e+20 1e+20 1e+20 1e+20 1e+20 1.7298743844032294
1e+20 1e+20 1e+20 1e+20 1e+20 1e+20 1e+20 1e+20 1e+20 1e+20 1e+20 1e+20 1.7298743844032294
1e+20 1e+20 1e+20 1e+20 1e+20 1e+20 1e+20 1e+20 1e+20 1e+20 1e+20 1e+20 1.7298743844032294
1e+20 1e+20 1e+20 1e+20 1e+20 1e+20 1e+20 1e+20 1e+20 1e+20 1e+20 1e+20 1.7298743844032294
1e+20 1e+20 1e+20 1e+20 1e+20 1e+20 1e+20 1e+20 1e+20 1e+20 1e+20 1e+20 1.7298743844032294
1e+20 1e+20 1e+20 1e+20 1e+20 1e+20 1e+20 1e+20 1e+20 1e+20 1e+20 1e+20 1.7298743844032294
1e+20 1e+20 1e+20 1e+20 1e+20 1e+20 1e+20 1e+20 1e+20 1e+20 1e+20 1e+20 1.7298743844032294
1e+20 1e+20 1e+20 1e+20 1e+20 1e+20 1e+20 1e+20 1e+20 1e+20 1e+20 1e+20 1.7298743844032294
1e+20 1e+20 1e+20 1e+20 1e+20 1e+20 1e+20 1e+20 1e+20 1e+20 1e+20 1e+20 1.7298743844032294
1e+20 1e+20 1e+20 1e+20 1e+20 1e+20 1e+20 1e+20 1e+20 1e+20 1e+20 1e+20 1.7298743844032294
1e+20 1e+20 1e+20 1e+20 1e+20 1e+20 1e+20 1e+20 1e+20 1e+20 1e+20 1e+20 1.7298743844032294
1e+20 1e+20 1e+20 1e+20 1e+20 1e+20 1e+20 1e+20 1e+20 1e+20 1e+20 1e+20 1.7298743844032294
1e+20 1e+20 1e+20 1e+20 1e+20 1e+20 1e+20 1e+20 1e+20 1e+20 1e+20 1e+20 1.7298743844032294
1e+20 1e+20 1e+20 1e+20 1e+20 1e+20 1e+20 1e+20 1e+20 1e+20 1e+20 1e+20 1.7298743844032294
1e+20 1e+20 1e+20 1e+20 1e+20 1e+20 1e+20 1e+20 1e+20 1e+20 1e+20 1e+20 1.7298743844032294
1e+20 1e+20 1e+20 1e+20 1e+20 1e+20 1e+20 1e+20 1e+20 1e+20 1e+20 1e+20 1.7298743844032294
1e+20 1e+20 1e+20 1e+20 1e+20 1e+20 1e+20 1e+20 1e+20 1e+20 1e+20 1e+20 1.7298743844032294
1e+20 1e+20 1e+20 1e+20 1e+20 1e+20 1e+20 1e+20 1e+20 1e+20 1e+20 1e+20 1.7298743844032294
1e+20 1e+20 1e+20 1e+20 1e+20 1e+20 1e+20 1e+20 1e+20 1e+20 1e+20 1e+20 1.7298743844032294
1e+20 1e+20 1e+20 1e+20 1e+20 1e+20 1e+20 1e+20 1e+20 1e+20 1e+20 1e+20 1.7298743844032294
1e+20 1e+20 1e+20 1e+20 1e+20 1e+20 1e+20 1e+20 1e+20 1e+20 1e+20 1e+20 1.7298743844032294
1e+20 1e+20 1e+20 1e+20 1e+20 1e+20 1e+20 1e+20 1e+20 1e+20 1e+20 1e+20 1.7298743844032294
1e+20 1e+20 1e+20 1e+20 1e+20 1e+20 1e+20 1e+20 1e+20 1e+20 1e+20 1e+20 1.7298743844032294
1e+20 1e+20 1e+20 1e+20 1e+20 1e+20 1e+20 1e+20 1e+20 1e+20 1e+20 1e+20 1.7298743844032294
1e+20 1e+20 1e+20 1e+20 1e+20 1e+20 1e+20 1e+20 1e+20 1e+20 1e+20 1e+20 1.7298743844032294
1e+20 1e+20 1e+20 1e+20 1e+20 1e+20 1e+20 1e+20 1e+20 1e+20 1e+20 1e+20 1.7298743844032294
1e+20 1e+20 1e+20 1e+20 1e+20 1e+20 1e+20 1e+20 1e+20 1e+20 1e+20 1e+20 1.7298743844032294
1e+20 1e+20 1e+20 1e+20 1e+20 1e+20 1e+20 1e+20 1e+20 1e+20 1e+20 1e+20 1.7298743844032294
1e+20 1e+20 1e+20 1e+20 1e+20 1e+20 1e+20 1e+20 1e+20 1e+20 1e+20 1e+20 1.7298743844032294
1e+20 1e+20 1e+20 1e+20 1e+20 1e+20 1e+20 1e+20 1e+20 1e+20 1e+20 1e+20 1.7298743844032294
1e+20 1e+20 1e+20 1e+20 1e+20 1e+20 1e+20 1e+20 1e+20 1e+20 1e+20 1e+20 1.7298743844032294
1e+20 1e+20 1e+20 1e+20 1e+20 1e+20 1e+20 1e+20 1e+20 1e+20 1e+20 1e+20 1.7298743844032294
1e+20 1e+20 1e+20 1e+20 1e+20 1e+20 1e+20 1e+20 1e+20 1e+20 1e+20 1e+20 1.7298743844032294
1e+20 1e+20 1e+20 1e+20 1e+20 1e+20 1e+20 1e+20 1e+20 1e+20 1e+20 1e+20 1.7298743844032294
1e+20 1e+20 1e+20 1e+20 1e+20 1e+20 1e+20 1e+20 1e+20 1e+20 1e+20 1e+20 1.7298743844032294
1e+20 1e+20 1e+20 1e+20 1e+20 1e+20 1e+20 1e+20 1e+20 1e+20 1e+20 1e+20 1.7298743844032294
1e+20 1e+20 1e+20 1e+20 1e+20 1e+20 1e+20 1e+20 1e+20 1e+20 1e+20 1e+20 1.7298743844032294
1e+20 1e+20 1e+20 1e+20 1e+20 1e+20 1e+20 1e+20 1e+20 1e+20 1e+20 1e+20 1.7298743844032294
1e+20 1e+20 1e+20 1e+20 1e+20 1e+20 1e+20 1e+20 1e+20 1e+20 1e+20 1e+20 1.7298743844032294
1e+20 1e+20 1e+20 1e+20 1e+20 1e+20 1e+20 1e+20 1e+20 1e+20 1e+20 1e+20 1.7298743844032294
1e+20 1e+20 1e+20 1e+20 1e+20 1e+20 1e+20 1e+20 1e+20 1e+20 1e+20 1e+20 1.7298743844032294
1e+20 1e+20 1e+20 1e+20 1e+20 1e+20 1e+20 1e+20 1e+20 1e+20 1e+20 1e+20 1.7298743844032294
1e+20 1e+20 1e+20 1e+20 1e+20 1e+20 1e+20 1e+20 1e+20 1e+20 1e+20 1e+20 1.7298743844032294
1e+20 1e+20 1e+20 1e+20 1e+20 1e+20 1e+20 1e+20 1e+20 1e+20 1e+20 1e+20 1.7298743844032294
1e+20 1e+20 1e+20 1e+20 1e+20 1e+20 1e+20 1e+20 1e+20 1e+20 1e+20 1e+20 1.7298743844032294
1e+20 1e+20 1e+20 1e+20 1e+20 1e+20 1e+20 1e+20 1e+20 1e+20 1e+20 1e+20 1.7298743844032294
1e+20 1e+20 1e+20 1e+20 1e+20 1e+20 1e+20 1e+20 1e+20 1e+20 1e+20 1e+20 1.7298743844032294
1e+20 1e+20 1e+20 1e+20 1e+20 1e+20 1e+20 1e+20 1e+20 1e+20 1e+20 1e+20 1.7298743844032294
1e+20 1e+20 1e+20 1e+20 1e+20 1e+20 1e+20 1e+20 1e+20 1e+20 1e+20 1e+20 1.7298743844032294
1e+20 1e+20 1e+20 1e+20 1e+20 1e+20 1e+20 1e+20 1e+20 1e+20 1e+20 1e+20 1.7298743844032294
1e+20 1e+20 1e+20 1e+20 1e+20 1e+20 1e+20 1e+20 1e+20 1e+20 1e+20 1e+20 1.7298743844032294
1e+20 1e+20 1e+20 1e+20 1e+20 1e+20 1e+20 1e+20 1e+20 1e+20 1e+20 1e+20 1.7298743844032294
1e+20 1e+20 1e+20 1e+20 1e+20 1e+20 1e+20 1e+20 1e+20 1e+20 1e+20 1e+20 1.7298743844032294
1e+20 1e+20 1e+20 1e+20 1e+20 1e+20 1e+20 1e+20 1e+20 1e+20 1e+20 1e+20 1.7298743844032294
1e+20 1e+20 1e+20 1e+20 1e+20 1e+20 1e+20 1e+20 1e+20 1e+20 1e+20 1e+20 1.7298743844032294
1e+20 1e+20 1e+20 1e+20 1e+20 1e+20 1e+20 1e+20 1e+20 1e+20 1e+20 1e+20 1.7298743844032294
1e+20 1e+20 1e+20 1e+20 1e+20 1e+20 1e+20 1e+20 1e+20 1e+20 1e+20 1e+20 1.7298743844032294
1e+20 1e+20 1e+20 1e+20 1e+20 1e+20 1e+20 1e+20 1e+20 1e+20 1e+20 1e+20 1.7298743844032294
1e+20 1e+20 1e+20 1e+20 1e+20 1e+20 1e+20 1e+20 1e+20 1e+20 1e+20 1e+20 1.7298743844032294
1e+20 1e+20 1e+20 1e+20 1e+20 1e+20 1e+20 1e+20 1e+20 1e+20 1e+20 1e+20 1.7298743844032294
1e+20 1e+20 1e+20 1e+20 1e+20 1e+20 1e+20 1e+20 1e+20 1e+20 1e+20 1e+20 1.7298743844032294
1e+20 1e+20 1e+20 1e+20 1e+20 1e+20 1e+20 1e+20 1e+20 1e+20 1e+20 1e+20 1.7298743844032294
1e+20 1e+20 1e+20 1e+20 1e+20 1e+20 1e+20 1e+20 1e+20 1e+20 1e+20 1e+20 1.7298743844032294
1e+20 1e+20 1e+20 1e+20 1e+20 1e+20 1e+20 1e+20 1e+20 1e+20 1e+20 1e+20 1.7298743844032294
1e+20 1e+20 1e+20 1e+20 1e+20 1e+20 1e+20 1e+20 1e+20 1e+20 1e+20 1e+20 1.7298743844032294
1e+20 1e+20 1e+20 1e+20 1e+20 1e+20 1e+20 1e+20 1e+20 1e+20 1e+20 1e+20 1.7298743844032294
1e+20 1e+20 1e+20 1e+20 1e+20 1e+20 1e+20 1e+20 1e+20 1e+20 1e+20 1e+20 1.7298743844032294
1e+20 1e+20 1e+20 1e+20 1e+20 1e+20 1e+20 1e+20 1e+20 1e+20 1e+20 1e+20 1.7298743844032294
1e+20 1e+20 1e+20 1e+20 1e+20 1e+20 1e+20 1e+20 1e+20 1e+20 1e+20 1e+20 1.7298743844032294
1e+20 1e+20 1e+20 1e+20 1e+20 1e+20 1e+20 1e+20 1e+20 1e+20 1e+20 1e+20 1.7298743844032294
1e+20 1e+20 1e+20 1e+20 1e+20 1e+20 1e+20 1e+20 1e+20 1e+20 1e+20 1e+20 1.7298743844032294
1e+20 1e+20 1e+20 1e+20 1e+20 1e+20 1e+20 1e+20 1e+20 1e+20 1e+20 1e+20 1.7298743844032294
1e+20 1e+20 1e+20 1e+20 1e+20 1e+20 1e+20 1e+20 1e+20 1e+20 1e+20 1e+20 1.7298743844032294
1e+20 1e+20 1e+20 1e+20 1e+20 1e+20 1e+20 1e+20 1e+20 1e+20 1e+20 1e+20 1.7298743844032294
1e+20 1e+20 1e+20 1e+20 1e+20 1e+20 1e+20 1e+20 1e+20 1e+20 1e+20 1e+20 1.7298743844032294
1e+20 1e+20 1e+20 1e+20 1e+20 1e+20 1e+20 1e+20 1e+20 1e+20 1e+20 1e+20 1.7298743844032294
1e+20 1e+20 1e+20 1e+20 1e+20 1e+20 1e+20 1e+20 1e+20 1e+20 1e+20 1e+20 1.7298743844032294
1e+20 1e+20 1e+20 1e+20 1e+20 1e+20 1e+20 1e+20 1e+20 1e+20 1e+20 1e+20 1.7298743844032294
1e+20 1e+20 1e+20 1e+20 1e+20 1e+20 1e+20 1e+20 1e+20 1e+20 1e+20 1e+20 1.7298743844032294
1e+20 1e+20 1e+20 1e+20 1e+20 1e+20 1e+20 1e+20 1e+20 1e+20 1e+20 1e+20 1.7298743844032294
1e+20 1e+20 1e+20 1e+20 1e+20 1e+20 1e+20 1e+20 1e+20 1e+20 1e+20 1e+20 1.7298743844032294
1e+20 1e+20 1e+20 1e+20 1e+20 1e+20 1e+20 1e+20 1e+20 1e+20 1e+20 1e+20 1.7298743844032294
1e+20 1e+20 1e+20 1e+20 1e+20 1e+20 1e+20 1e+20 1e+20 1e+20 1e+20 1e+20 1.7298743844032294
1e+20 1e+20 1e+20 1e+20 1e+20 1e+20 1e+20 1e+20 1e+20 1e+20 1e+20 1e+20 1.7298743844032294
1e+20 1e+20 1e+20 1e+20 1e+20 1e+20 1e+20 1e+20 1e+20 1e+20 1e+20 1e+20 1.7298743844032294
1e+20 1e+20 1e+20 1e+20 1e+20 1e+20 1e+20 1e+20 1e+20 1e+20 1e+20 1e+20 1.7298743844032294
1e+20 1e+20 1e+20 1e+20 1e+20 1e+20 1e+20 1e+20 1e+20 1e+20 1e+20 1e+20 1.7298743844032294
1e+20 1e+20 1e+20 1e+20 1e+20 1e+20 1e+20 1e+20 1e+20 1e+20 1e+20 1e+20 1.7298743844032294
1e+20 1e+20 1e+20 1e+20 1e+20 1e+20 1e+20 1e+20 1e+20 1e+20 1e+20 1e+20 1.7298743844032294
1e+20 1e+20 1e+20 1e+20 1e+20 1e+20 1e+20 1e+20 1e+20 1e+20 1e+20 1e+20 1.7298743844032294
1e+20 1e+20 1e+20 1e+20 1e+20 1e+20 1e+20 1e+20 1e+20 1e+20 1e+20 1e+20 1.7298743844032294
1e+20 1e+20 1e+20 1e+20 1e+20 1e+20 1e+20 1e+20 1e+20 1e+20 1e+20 1e+20 1.7298743844032294
1e+20 1e+20 1e+20 1e+20 1e+20 1e+20 1e+20 1e+20 1e+20 1e+20 1e+20 1e+20 1.7298743844032294
1e+20 1e+20 1e+20 1e+20 1e+20 1e+20 1e+20 1e+20 1e+20 1e+20 1e+20 1e+20 1.7298743844032294
1e+20 1e+20 1e+20 1e+20 1e+20 1e+20 1e+20 1e+20 1e+20 1e+20 1e+20 1e+20 1.7298743844032294
1e+20 1e+20 1e+20 1e+20 1e+20 1e+20 1e+20 1e+20 1e+20 1e+20 1e+20 1e+20 1.7298743844032294
1e+20 1e+20 1e+20 1e+20 1e+20 1e+20 1e+20 1e+20 1e+20 1e+20 1e+20 1e+20 1.7298743844032294
1e+20 1e+20 1e+20 1e+20 1e+20 1e+20 1e+20 1e+20 1e+20 1e+20 1e+20 1e+20 1.7298743844032294
1e+20 1e+20 1e+20 1e+20 1e+20 1e+20 1e+20 1e+20 1e+20 1e+20 1e+20 1e+20 1.7298743844032294
1e+20 1e+20 1e+20 1e+20 1e+20 1e+20 1e+20 1e+20 1e+20 1e+20 1e+20 1e+20 1.7298743844032294
1e+20 1e+20 1e+20 1e+20 1e+20 1e+20 1e+20 1e+20 1e+20 1e+20 1e+20 1e+20 1.7298743844032294
1e+20 1e+20 1e+20 1e+20 1e+20 1e+20 1e+20 1e+20 1e+20 1e+20 1e+20 1e+20 1.7298743844032294
1e+20 1e+20 1e+20 1e+20 1e+20 1e+20 1e+20 1e+20 1e+20 1e+20 1e+20 1e+20 1.7298743844032294
1e+20 1e+20 1e+20 1e+20 1e+20 1e+20 1e+20 1e+20 1e+20 1e+20 1e+20 1e+20 1.7298743844032294
1e+20 1e+20 1e+20 1e+20 1e+20 1e+20 1e+20 1e+20 1e+20 1e+20 1e+20 1e+20 1.7298743844032294
1e+20 1e+20 1e+20 1e+20 1e+20 1e+20 1e+20 1e+20 1e+20 1e+20 1e+20 1e+20 1.7298743844032294
1e+20 1e+20 1e+20 1e+20 1e+20 1e+20 1e+20 1e+20 1e+20 1e+20 1e+20 1e+20 1.7298743844032294
1e+20 1e+20 1e+20 1e+20 1e+20 1e+20 1e+20 1e+20 1e+20 1e+20 1e+20 1e+20 1.7298743844032294
1e+20 1e+20 1e+20 1e+20 1e+20 1e+20 1e+20 1e+20 1e+20 1e+20 1e+20 1e+20 1.7298743844032294
1e+20 1e+20 1e+20 1e+20 1e+20 1e+20 1e+20 1e+20 1e+20 1e+20 1e+20 1e+20 1.7298743844032294
1e+20 1e+20 1e+20 1e+20 1e+20 1e+20 1e+20 1e+20 1e+20 1e+20 1e+20 1e+20 1.7298743844032294
1e+20 1e+20 1e+20 1e+20 1e+20 1e+20 1e+20 1e+20 1e+20 1e+20 1e+20 1e+20 1.7298743844032294
1e+20 1e+20 1e+20 1e+20 1e+20 1e+20 1e+20 1e+20 1e+20 1e+20 1e+20 1e+20 1.7298743844032294
1e+20 1e+20 1e+20 1e+20 1e+20 1e+20 1e+20 1e+20 1e+20 1e+20 1e+20 1e+20 1.7298743844032294
1e+20 1e+20 1e+20 1e+20 1e+20 1e+20 1e+20 1e+20 1e+20 1e+20 1e+20 1e+20 1.7298743844032294
1e+20 1e+20 1e+20 1e+20 1e+20 1e+20 1e+20 1e+20 1e+20 1e+20 1e+20 1e+20 1.7298743844032294
1e+20 1e+20 1e+20 1e+20 1e+20 1e+20 1e+20 1e+20 1e+20 1e+20 1e+20 1e+20 1.7298743844032294
1e+20 1e+20 1e+20 1e+20 1e+20 1e+20 1e+20 1e+20 1e+20 1e+20 1e+20 1e+20 1.7298743844032294
1e+20 1e+20 1e+20 1e+20 1e+20 1e+20 1e+20 1e+20 1e+20 1e+20 1e+20 1e+20 1.7298743844032294
1e+20 1e+20 1e+20 1e+20 1e+20 1e+20 1e+20 1e+20 1e+20 1e+20 1e+20 1e+20 1.7298743844032294
1e+20 1e+20 1e+20 1e+20 1e+20 1e+20 1e+20 1e+20 1e+20 1e+20 1e+20 1e+20 1.7298743844032294
1e+20 1e+20 1e+20 1e+20 1e+20 1e+20 1e+20 1e+20 1e+20 1e+20 1e+20 1e+20 1.7298743844032294
1e+20 1e+20 1e+20 1e+20 1e+20 1e+20 1e+20 1e+20 1e+20 1e+20 1e+20 1e+20 1.7298743844032294
1e+20 1e+20 1e+20 1e+20 1e+20 1e+20 1e+20 1e+20 1e+20 1e+20 1e+20 1e+20 1.7298743844032294
1e+20 1e+20 1e+20 1e+20 1e+20 1e+20 1e+20 1e+20 1e+20 1e+20 1e+20 1e+20 1.7298743844032294
1e+20 1e+20 1e+20 1e+20 1e+20 1e+20 1e+20 1e+20 1e+20 1e+20 1e+20 1e+20 1.7298743844032294
1e+20 1e+20 1e+20 1e+20 1e+20 1e+20 1e+20 1e+20 1e+20 1e+20 1e+20 1e+20 1.7298743844032294
1e+20 1e+20 1e+20 1e+20 1e+20 1e+20 1e+20 1e+20 1e+20 1e+20 1e+20 1e+20 1.7298743844032294
1e+20 1e+20 1e+20 1e+20 1e+20 1e+20 1e+20 1e+20 1e+20 1e+20 1e+20 1e+20 1.7298743844032294
1e+20 1e+20 1e+20 1e+20 1e+20 1e+20 1e+20 1e+20 1e+20 1e+20 1e+20 1e+20 1.7298743844032294
1e+20 1e+20 1e+20 1e+20 1e+20 1e+20 1e+20 1e+20 1e+20 1e+20 1e+20 1e+20 1.7298743844032294
1e+20 1e+20 1e+20 1e+20 1e+20 1e+20 1e+20 1e+20 1e+20 1e+20 1e+20 1e+20 1.7298743844032294
1e+20 1e+20 1e+20 1e+20 1e+20 1e+20 1e+20 1e+20 1e+20 1e+20 1e+20 1e+20 1.7298743844032294
1e+20 1e+20 1e+20 1e+20 1e+20 1e+20 1e+20 1e+20 1e+20 1e+20 1e+20 1e+20 1.7298743844032294
1e+20 1e+20 1e+20 1e+20 1e+20 1e+20 1e+20 1e+20 1e+20 1e+20 1e+20 1e+20 1.7298743844032294
1e+20 1e+20 1e+20 1e+20 1e+20 1e+20 1e+20 1e+20 1e+20 1e+20 1e+20 1e+20 1.7298743844032294
1e+20 1e+20 1e+20 1e+20 1e+20 1e+20 1e+20 1e+20 1e+20 1e+20 1e+20 1e+20 1.7298743844032294
1e+20 1e+20 1e+20 1e+20 1e+20 1e+20 1e+20 1e+20 1e+20 1e+20 1e+20 1e+20 1.7298743844032294
1e+20 1e+20 1e+20 1e+20 1e+20 1e+20 1e+20 1e+20 1e+20 1e+20 1e+20 1e+20 1.7298743844032294
1e+20 1e+20 1e+20 1e+20 1e+20 1e+20 1e+20 1e+20 1e+20 1e+20 1e+20 1e+20 1.7298743844032294
1e+20 1e+20 1e+20 1e+20 1e+20 1e+20 1e+20 1e+20 1e+20 1e+20 1e+20 1e+20 1.7298743844032294
1e+20 1e+20 1e+20 1e+20 1e+20 1e+20 1e+20 1e+20 1e+20 1e+20 1e+20 1e+20 1.7298743844032294
1e+20 1e+20 1e+20 1e+20 1e+20 1e+20 1e+20 1e+20 1e+20 1e+20 1e+20 1e+20 1.7298743844032294
1e+20 1e+20 1e+20 1e+20 1e+20 1e+20 1e+20 1e+20 1e+20 1e+20 1e+20 1e+20 1.7298743844032294
1e+20 1e+20 1e+20 1e+20 1e+20 1e+20 1e+20 1e+20 1e+20 1e+20 1e+20 1e+20 1.7298743844032294
1e+20 1e+20 1e+20 1e+20 1e+20 1e+20 1e+20 1e+20 1e+20 1e+20 1e+20 1e+20 1.7298743844032294
1e+20 1e+20 1e+20 1e+20 1e+20 1e+20 1e+20 1e+20 1e+20 1e+20 1e+20 1e+20 1.7298743844032294
1e+20 1e+20 1e+20 1e+20 1e+20 1e+20 1e+20 1e+20 1e+20 1e+20 1e+20 1e+20 1.7298743844032294
1e+20 1e+20 1e+20 1e+20 1e+20 1e+20 1e+20 1e+20 1e+20 1e+20 1e+20 1e+20 1.7298743844032294
1e+20 1e+20 1e+20 1e+20 1e+20 1e+20 1e+20 1e+20 1e+20 1e+20 1e+20 1e+20 1.7298743844032294
1e+20 1e+20 1e+20 1e+20 1e+20 1e+20 1e+20 1e+20 1e+20 1e+20 1e+20 1e+20 1.7298743844032294
1e+20 1e+20 1e+20 1e+20 1e+20 1e+20 1e+20 1e+20 1e+20 1e+20 1e+20 1e+20 1.7298743844032294
1e+20 1e+20 1e+20 1e+20 1e+20 1e+20 1e+20 1e+20 1e+20 1e+20 1e+20 1e+20 1.7298743844032294
1e+20 1e+20 1e+20 1e+20 1e+20 1e+20 1e+20 1e+20 1e+20 1e+20 1e+20 1e+20 1.7298743844032294
1e+20 1e+20 1e+20 1e+20 1e+20 1e+20 1e+20 1e+20 1e+20 1e+20 1e+20 1e+20 1.7298743844032294
1e+20 1e+20 1e+20 1e+20 1e+20 1e+20 1e+20 1e+20 1e+20 1e+20 1e+20 1e+20 1.7298743844032294
1e+20 1e+20 1e+20 1e+20 1e+20 1e+20 1e+20 1e+20 1e+20 1e+20 1e+20 1e+20 1.7298743844032294
1e+20 1e+20 1e+20 1e+20 1e+20 1e+20 1e+20 1e+20 1e+20 1e+20 1e+20 1e+20 1.7298743844032294
1e+20 1e+20 1e+20 1e+20 1e+20 1e+20 1e+20 1e+20 1e+20 1e+20 1e+20 1e+20 1.7298743844032294
1e+20 1e+20 1e+20 1e+20 1e+20 1e+20 1e+20 1e+20 1e+20 1e+20 1e+20 1e+20 1.7298743844032294
1e+20 1e+20 1e+20 1e+20 1e+20 1e+20 1e+20 1e+20 1e+20 1e+20 1e+20 1e+20 1.7298743844032294
1e+20 1e+20 1e+20 1e+20 1e+20 1e+20 1e+20 1e+20 1e+20 1e+20 1e+20 1e+20 1.7298743844032294
1e+20 1e+20 1e+20 1e+20 1e+20 1e+20 1e+20 1e+20 1e+20 1e+20 1e+20 1e+20 1.7298743844032294
1e+20 1e+20 1e+20 1e+20 1e+20 1e+20 1e+20 1e+20 1e+20 1e+20 1e+20 1e+20 1.7298743844032294
1e+20 1e+20 1e+20 1e+20 1e+20 1e+20 1e+20 1e+20 1e+20 1e+20 1e+20 1e+20 1.7298743844032294
1e+20 1e+20 1e+20 1e+20 1e+20 1e+20 1e+20 1e+20 1e+20 1e+20 1e+20 1e+20 1.7298743844032294
1e+20 1e+20 1e+20 1e+20 1e+20 1e+20 1e+20 1e+20 1e+20 1e+20 1e+20 1e+20 1.7298743844032294
1e+20 1e+20 1e+20 1e+20 1e+20 1e+20 1e+20 1e+20 1e+20 1e+20 1e+20 1e+20 1.7298743844032294
1e+20 1e+20 1e+20 1e+20 1e+20 1e+20 1e+20 1e+20 1e+20 1e+20 1e+20 1e+20 1.7298743844032294
1e+20 1e+20 1e+20 1e+20 1e+20 1e+20 1e+20 1e+20 1e+20 1e+20 1e+20 1e+20 1.7298743844032294
1e+20 1e+20 1e+20 1e+20 1e+20 1e+20 1e+20 1e+20 1e+20 1e+20 1e+20 1e+20 1.7298743844032294
1e+20 1e+20 1e+20 1e+20 1e+20 1e+20 1e+20 1e+20 1e+20 1e+20 1e+20 1e+20 1.7298743844032294
1e+20 1e+20 1e+20 1e+20 1e+20 1e+20 1e+20 1e+20 1e+20 1e+20 1e+20 1e+20 1.7298743844032294
1e+20 1e+20 1e+20 1e+20 1e+20 1e+20 1e+20 1e+20 1e+20 1e+20 1e+20 1e+20 1.7298743844032294
1e+20 1e+20 1e+20 1e+20 1e+20 1e+20 1e+20 1e+20 1e+20 1e+20 1e+20 1e+20 1.7298743844032294
1e+20 1e+20 1e+20 1e+20 1e+20 1e+20 1e+20 1e+20 1e+20 1e+20 1e+20 1e+20 1.7298743844032294
1e+20 1e+20 1e+20 1e+20 1e+20 1e+20 1e+20 1e+20 1e+20 1e+20 1e+20 1e+20 1.7298743844032294
1e+20 1e+20 1e+20 1e+20 1e+20 1e+20 1e+20 1e+20 1e+20 1e+20 1e+20 1e+20 1.7298743844032294
1e+20 1e+20 1e+20 1e+20 1e+20 1e+20 1e+20 1e+20 1e+20 1e+20 1e+20 1e+20 1.7298743844032294
1e+20 1e+20 1e+20 1e+20 1e+20 1e+20 1e+20 1e+20 1e+20 1e+20 1e+20 1e+20 1.7298743844032294
1e+20 1e+20 1e+20 1e+20 1e+20 1e+20 1e+20 1e+20 1e+20 1e+20 1e+20 1e+20 1.7298743844032294
1e+20 1e+20 1e+20 1e+20 1e+20 1e+20 1e+20 1e+20 1e+20 1e+20 1e+20 1e+20 1.7298743844032294
1e+20 1e+20 1e+20 1e+20 1e+20 1e+20 1e+20 1e+20 1e+20 1e+20 1e+20 1e+20 1.7298743844032294
1e+20 1e+20 1e+20 1e+20 1e+20 1e+20 1e+20 1e+20 1e+20 1e+20 1e+20 1e+20 1.7298743844032294
1e+20 1e+20 1e+20 1e+20 1e+20 1e+20 1e+20 1e+20 1e+20 1e+20 1e+20 1e+20 1.7298743844032294
1e+20 1e+20 1e+20 1e+20 1e+20 1e+20 1e+20 1e+20 1e+20 1e+20 1e+20 1e+20 1.7298743844032294
1e+20 1e+20 1e+20 1e+20 1e+20 1e+20 1e+20 1e+20 1e+20 1e+20 1e+20 1e+20 1.7298743844032294
1e+20 1e+20 1e+20 1e+20 1e+20 1e+20 1e+20 1e+20 1e+20 1e+20 1e+20 1e+20 1.7298743844032294
1e+20 1e+20 1e+20 1e+20 1e+20 1e+20 1e+20 1e+20 1e+20 1e+20 1e+20 1e+20 1.7298743844032294
1e+20 1e+20 1e+20 1e+20 1e+20 1e+20 1e+20 1e+20 1e+20 1e+20 1e+20 1e+20 1.7298743844032294
1e+20 1e+20 1e+20 1e+20 1e+20 1e+20 1e+20 1e+20 1e+20 1e+20 1e+20 1e+20 1.7298743844032294
1e+20 1e+20 1e+20 1e+20 1e+20 1e+20 1e+20 1e+20 1e+20 1e+20 1e+20 1e+20 1.7298743844032294
1e+20 1e+20 1e+20 1e+20 1e+20 1e+20 1e+20 1e+20 1e+20 1e+20 1e+20 1e+20 1.7298743844032294
1e+20 1e+20 1e+20 1e+20 1e+20 1e+20 1e+20 1e+20 1e+20 1e+20 1e+20 1e+20 1.7298743844032294
1e+20 1e+20 1e+20 1e+20 1e+20 1e+20 1e+20 1e+20 1e+20 1e+20 1e+20 1e+20 1.7298743844032294
1e+20 1e+20 1e+20 1e+20 1e+20 1e+20 1e+20 1e+20 1e+20 1e+20 1e+20 1e+20 1.7298743844032294
1e+20 1e+20 1e+20 1e+20 1e+20 1e+20 1e+20 1e+20 1e+20 1e+20 1e+20 1e+20 1.7298743844032294
1e+20 1e+20 1e+20 1e+20 1e+20 1e+20 1e+20 1e+20 1e+20 1e+20 1e+20 1e+20 1.7298743844032294
1e+20 1e+20 1e+20 1e+20 1e+20 1e+20 1e+20 1e+20 1e+20 1e+20 1e+20 1e+20 1.7298743844032294
1e+20 1e+20 1e+20 1e+20 1e+20 1e+20 1e+20 1e+20 1e+20 1e+20 1e+20 1e+20 1.7298743844032294
1e+20 1e+20 1e+20 1e+20 1e+20 1e+20 1e+20 1e+20 1e+20 1e+20 1e+20 1e+20 1.7298743844032294
1e+20 1e+20 1e+20 1e+20 1e+20 1e+20 1e+20 1e+20 1e+20 1e+20 1e+20 1e+20 1.7298743844032294
1e+20 1e+20 1e+20 1e+20 1e+20 1e+20 1e+20 1e+20 1e+20 1e+20 1e+20 1e+20 1.7298743844032294
1e+20 1e+20 1e+20 1e+20 1e+20 1e+20 1e+20 1e+20 1e+20 1e+20 1e+20 1e+20 1.7298743844032294
1e+20 1e+20 1e+20 1e+20 1e+20 1e+20 1e+20 1e+20 1e+20 1e+20 1e+20 1e+20 1.7298743844032294
1e+20 1e+20 1e+20 1e+20 1e+20 1e+20 1e+20 1e+20 1e+20 1e+20 1e+20 1e+20 1.7298743844032294
1e+20 1e+20 1e+20 1e+20 1e+20 1e+20 1e+20 1e+20 1e+20 1e+20 1e+20 1e+20 1.7298743844032294
1e+20 1e+20 1e+20 1e+20 1e+20 1e+20 1e+20 1e+20 1e+20 1e+20 1e+20 1e+20 1.7298743844032294
1e+20 1e+20 1e+20 1e+20 1e+20 1e+20 1e+20 1e+20 1e+20 1e+20 1e+20 1e+20 1.7298743844032294
1e+20 1e+20 1e+20 1e+20 1e+20 1e+20 1e+20 1e+20 1e+20 1e+20 1e+20 1e+20 1.7298743844032294
1e+20 1e+20 1e+20 1e+20 1e+20 1e+20 1e+20 1e+20 1e+20 1e+20 1e+20 1e+20 1.7298743844032294
1e+20 1e+20 1e+20 1e+20 1e+20 1e+20 1e+20 1e+20 1e+20 1e+20 1e+20 1e+20 1.7298743844032294
1e+20 1e+20 1e+20 1e+20 1e+20 1e+20 1e+20 1e+20 1e+20 1e+20 1e+20 1e+20 1.7298743844032294
1e+20 1e+20 1e+20 1e+20 1e+20 1e+20 1e+20 1e+20 1e+20 1e+20 1e+20 1e+20 1.7298743844032294
1e+20 1e+20 1e+20 1e+20 1e+20 1e+20 1e+20 1e+20 1e+20 1e+20 1e+20 1e+20 1.7298743844032294
1e+20 1e+20 1e+20 1e+20 1e+20 1e+20 1e+20 1e+20 1e+20 1e+20 1e+20 1e+20 1.7298743844032294
1e+20 1e+20 1e+20 1e+20 1e+20 1e+20 1e+20 1e+20 1e+20 1e+20 1e+20 1e+20 1.7298743844032294
1e+20 1e+20 1e+20 1e+20 1e+20 1e+20 1e+20 1e+20 1e+20 1e+20 1e+20 1e+20 1.7298743844032294
1e+20 1e+20 1e+20 1e+20 1e+20 1e+20 1e+20 1e+20 1e+20 1e+20 1e+20 1e+20 1.7298743844032294
1e+20 1e+20 1e+20 1e+20 1e+20 1e+20 1e+20 1e+20 1e+20 1e+20 1e+20 1e+20 1.7298743844032294
1e+20 1e+20 1e+20 1e+20 1e+20 1e+20 1e+20 1e+20 1e+20 1e+20 1e+20 1e+20 1.7298743844032294
1e+20 1e+20 1e+20 1e+20 1e+20 1e+20 1e+20 1e+20 1e+20 1e+20 1e+20 1e+20 1.7298743844032294
1e+20 1e+20 1e+20 1e+20 1e+20 1e+20 1e+20 1e+20 1e+20 1e+20 1e+20 1e+20 1.7298743844032294
1e+20 1e+20 1e+20 1e+20 1e+20 1e+20 1e+20 1e+20 1e+20 1e+20 1e+20 1e+20 1.7298743844032294
1e+20 1e+20 1e+20 1e+20 1e+20 1e+20 1e+20 1e+20 1e+20 1e+20 1e+20 1e+20 1.7298743844032294
1e+20 1e+20 1e+20 1e+20 1e+20 1e+20 1e+20 1e+20 1e+20 1e+20 1e+20 1e+20 1.7298743844032294
1e+20 1e+20 1e+20 1e+20 1e+20 1e+20 1e+20 1e+20 1e+20 1e+20 1e+20 1e+20 1.7298743844032294
1e+20 1e+20 1e+20 1e+20 1e+20 1e+20 1e+20 1e+20 1e+20 1e+20 1e+20 1e+20 1.7298743844032294
1e+20 1e+20 1e+20 1e+20 1e+20 1e+20 1e+20 1e+20 1e+20 1e+20 1e+20 1e+20 1.7298743844032294
1e+20 1e+20 1e+20 1e+20 1e+20 1e+20 1e+20 1e+20 1e+20 1e+20 1e+20 1e+20 1.7298743844032294
1e+20 1e+20 1e+20 1e+20 1e+20 1e+20 1e+20 1e+20 1e+20 1e+20 1e+20 1e+20 1.7298743844032294
1e+20 1e+20 1e+20 1e+20 1e+20 1e+20 1e+20 1e+20 1e+20 1e+20 1e+20 1e+20 1.7298743844032294
1e+20 1e+20 1e+20 1e+20 1e+20 1e+20 1e+20 1e+20 1e+20 1e+20 1e+20 1e+20 1.7298743844032294
1e+20 1e+20 1e+20 1e+20 1e+20 1e+20 1e+20 1e+20 1e+20 1e+20 1e+20 1e+20 1.7298743844032294
1e+20 1e+20 1e+20 1e+20 1e+20 1e+20 1e+20 1e+20 1e+20 1e+20 1e+20 1e+20 1.7298743844032294
1e+20 1e+20 1e+20 1e+20 1e+20 1e+20 1e+20 1e+20 1e+20 1e+20 1e+20 1e+20 1.7298743844032294
1e+20 1e+20 1e+20 1e+20 1e+20 1e+20 1e+20 1e+20 1e+20 1e+20 1e+20 1e+20 1.7298743844032294
1e+20 1e+20 1e+20 1e+20 1e+20 1e+20 1e+20 1e+20 1e+20 1e+20 1e+20 1e+20 1.7298743844032294
1e+20 1e+20 1e+20 1e+20 1e+20 1e+20 1e+20 1e+20 1e+20 1e+20 1e+20 1e+20 1.7298743844032294
1e+20 1e+20 1e+20 1e+20 1e+20 1e+20 1e+20 1e+20 1e+20 1e+20 1e+20 1e+20 1.7298743844032294
1e+20 1e+20 1e+20 1e+20 1e+20 1e+20 1e+20 1e+20 1e+20 1e+20 1e+20 1e+20 1.7298743844032294
1e+20 1e+20 1e+20 1e+20 1e+20 1e+20 1e+20 1e+20 1e+20 1e+20 1e+20 1e+20 1.7298743844032294
1e+20 1e+20 1e+20 1e+20 1e+20 1e+20 1e+20 1e+20 1e+20 1e+20 1e+20 1e+20 1.7298743844032294
1e+20 1e+20 1e+20 1e+20 1e+20 1e+20 1e+20 1e+20 1e+20 1e+20 1e+20 1e+20 1.7298743844032294
1e+20 1e+20 1e+20 1e+20 1e+20 1e+20 1e+20 1e+20 1e+20 1e+20 1e+20 1e+20 1.7298743844032294
1e+20 1e+20 1e+20 1e+20 1e+20 1e+20 1e+20 1e+20 1e+20 1e+20 1e+20 1e+20 1.7298743844032294
1e+20 1e+20 1e+20 1e+20 1e+20 1e+20 1e+20 1e+20 1e+20 1e+20 1e+20 1e+20 1.7298743844032294
1e+20 1e+20 1e+20 1e+20 1e+20 1e+20 1e+20 1e+20 1e+20 1e+20 1e+20 1e+20 1.7298743844032294
1e+20 1e+20 1e+20 1e+20 1e+20 1e+20 1e+20 1e+20 1e+20 1e+20 1e+20 1e+20 1.7298743844032294
1e+20 1e+20 1e+20 1e+20 1e+20 1e+20 1e+20 1e+20 1e+20 1e+20 1e+20 1e+20 1.7298743844032294
1e+20 1e+20 1e+20 1e+20 1e+20 1e+20 1e+20 1e+20 1e+20 1e+20 1e+20 1e+20 1.7298743844032294
1e+20 1e+20 1e+20 1e+20 1e+20 1e+20 1e+20 1e+20 1e+20 1e+20 1e+20 1e+20 1.7298743844032294
1e+20 1e+20 1e+20 1e+20 1e+20 1e+20 1e+20 1e+20 1e+20 1e+20 1e+20 1e+20 1.7298743844032294
1e+20 1e+20 1e+20 1e+20 1e+20 1e+20 1e+20 1e+20 1e+20 1e+20 1e+20 1e+20 1.7298743844032294
1e+20 1e+20 1e+20 1e+20 1e+20 1e+20 1e+20 1e+20 1e+20 1e+20 1e+20 1e+20 1.7298743844032294
1e+20 1e+20 1e+20 1e+20 1e+20 1e+20 1e+20 1e+20 1e+20 1e+20 1e+20 1e+20 1.7298743844032294
1e+20 1e+20 1e+20 1e+20 1e+20 1e+20 1e+20 1e+20 1e+20 1e+20 1e+20 1e+20 1.7298743844032294
1e+20 1e+20 1e+20 1e+20 1e+20 1e+20 1e+20 1e+20 1e+20 1e+20 1e+20 1e+20 1.7298743844032294
1e+20 1e+20 1e+20 1e+20 1e+20 1e+20 1e+20 1e+20 1e+20 1e+20 1e+20 1e+20 1.7298743844032294
1e+20 1e+20 1e+20 1e+20 1e+20 1e+20 1e+20 1e+20 1e+20 1e+20 1e+20 1e+20 1.7298743844032294
1e+20 1e+20 1e+20 1e+20 1e+20 1e+20 1e+20 1e+20 1e+20 1e+20 1e+20 1e+20 1.7298743844032294
1e+20 1e+20 1e+20 1e+20 1e+20 1e+20 1e+20 1e+20 1e+20 1e+20 1e+20 1e+20 1.7298743844032294
1e+20 1e+20 1e+20 1e+20 1e+20 1e+20 1e+20 1e+20 1e+20 1e+20 1e+20 1e+20 1.7298743844032294
1e+20 1e+20 1e+20 1e+20 1e+20 1e+20 1e+20 1e+20 1e+20 1e+20 1e+20 1e+20 1.7298743844032294
1e+20 1e+20 1e+20 1e+20 1e+20 1e+20 1e+20 1e+20 1e+20 1e+20 1e+20 1e+20 1.7298743844032294
1e+20 1e+20 1e+20 1e+20 1e+20 1e+20 1e+20 1e+20 1e+20 1e+20 1e+20 1e+20 1.7298743844032294
1e+20 1e+20 1e+20 1e+20 1e+20 1e+20 1e+20 1e+20 1e+20 1e+20 1e+20 1e+20 1.7298743844032294
1e+20 1e+20 1e+20 1e+20 1e+20 1e+20 1e+20 1e+20 1e+20 1e+20 1e+20 1e+20 1.7298743844032294
1e+20 1e+20 1e+20 1e+20 1e+20 1e+20 1e+20 1e+20 1e+20 1e+20 1e+20 1e+20 1.7298743844032294
1e+20 1e+20 1e+20 1e+20 1e+20 1e+20 1e+20 1e+20 1e+20 1e+20 1e+20 1e+20 1.7298743844032294
1e+20 1e+20 1e+20 1e+20 1e+20 1e+20 1e+20 1e+20 1e+20 1e+20 1e+20 1e+20 1.7298743844032294
1e+20 1e+20 1e+20 1e+20 1e+20 1e+20 1e+20 1e+20 1e+20 1e+20 1e+20 1e+20 1.7298743844032294
1e+20 1e+20 1e+20 1e+20 1e+20 1e+20 1e+20 1e+20 1e+20 1e+20 1e+20 1e+20 1.7298743844032294
1e+20 1e+20 1e+20 1e+20 1e+20 1e+20 1e+20 1e+20 1e+20 1e+20 1e+20 1e+20 1.7298743844032294
1e+20 1e+20 1e+20 1e+20 1e+20 1e+20 1e+20 1e+20 1e+20 1e+20 1e+20 1e+20 1.7298743844032294
1e+20 1e+20 1e+20 1e+20 1e+20 1e+20 1e+20 1e+20 1e+20 1e+20 1e+20 1e+20 1.7298743844032294
1e+20 1e+20 1e+20 1e+20 1e+20 1e+20 1e+20 1e+20 1e+20 1e+20 1e+20 1e+20 1.7298743844032294
1e+20 1e+20 1e+20 1e+20 1e+20 1e+20 1e+20 1e+20 1e+20 1e+20 1e+20 1e+20 1.7298743844032294
1e+20 1e+20 1e+20 1e+20 1e+20 1e+20 1e+20 1e+20 1e+20 1e+20 1e+20 1e+20 1.7298743844032294
1e+20 1e+20 1e+20 1e+20 1e+20 1e+20 1e+20 1e+20 1e+20 1e+20 1e+20 1e+20 1.7298743844032294
1e+20 1e+20 1e+20 1e+20 1e+20 1e+20 1e+20 1e+20 1e+20 1e+20 1e+20 1e+20 1.7298743844032294
1e+20 1e+20 1e+20 1e+20 1e+20 1e+20 1e+20 1e+20 1e+20 1e+20 1e+20 1e+20 1.7298743844032294
1e+20 1e+20 1e+20 1e+20 1e+20 1e+20 1e+20 1e+20 1e+20 1e+20 1e+20 1e+20 1.7298743844032294
1e+20 1e+20 1e+20 1e+20 1e+20 1e+20 1e+20 1e+20 1e+20 1e+20 1e+20 1e+20 1.7298743844032294
1e+20 1e+20 1e+20 1e+20 1e+20 1e+20 1e+20 1e+20 1e+20 1e+20 1e+20 1e+20 1.7298743844032294
1e+20 1e+20 1e+20 1e+20 1e+20 1e+20 1e+20 1e+20 1e+20 1e+20 1e+20 1e+20 1.7298743844032294
1e+20 1e+20 1e+20 1e+20 1e+20 1e+20 1e+20 1e+20 1e+20 1e+20 1e+20 1e+20 1.7298743844032294
1e+20 1e+20 1e+20 1e+20 1e+20 1e+20 1e+20 1e+20 1e+20 1e+20 1e+20 1e+20 1.7298743844032294
1e+20 1e+20 1e+20 1e+20 1e+20 1e+20 1e+20 1e+20 1e+20 1e+20 1e+20 1e+20 1.7298743844032294
1e+20 1e+20 1e+20 1e+20 1e+20 1e+20 1e+20 1e+20 1e+20 1e+20 1e+20 1e+20 1.7298743844032294
1e+20 1e+20 1e+20 1e+20 1e+20 1e+20 1e+20 1e+20 1e+20 1e+20 1e+20 1e+20 1.7298743844032294
1e+20 1e+20 1e+20 1e+20 1e+20 1e+20 1e+20 1e+20 1e+20 1e+20 1e+20 1e+20 1.7298743844032294
1e+20 1e+20 1e+20 1e+20 1e+20 1e+20 1e+20 1e+20 1e+20 1e+20 1e+20 1e+20 1.7298743844032294
1e+20 1e+20 1e+20 1e+20 1e+20 1e+20 1e+20 1e+20 1e+20 1e+20 1e+20 1e+20 1.7298743844032294
1e+20 1e+20 1e+20 1e+20 1e+20 1e+20 1e+20 1e+20 1e+20 1e+20 1e+20 1e+20 1.7298743844032294
1e+20 1e+20 1e+20 1e+20 1e+20 1e+20 1e+20 1e+20 1e+20 1e+20 1e+20 1e+20 1.7298743844032294
1e+20 1e+20 1e+20 1e+20 1e+20 1e+20 1e+20 1e+20 1e+20 1e+20 1e+20 1e+20 1.7298743844032294
1e+20 1e+20 1e+20 1e+20 1e+20 1e+20 1e+20 1e+20 1e+20 1e+20 1e+20 1e+20 1.7298743844032294
1e+20 1e+20 1e+20 1e+20 1e+20 1e+20 1e+20 1e+20 1e+20 1e+20 1e+20 1e+20 1.7298743844032294
1e+20 1e+20 1e+20 1e+20 1e+20 1e+20 1e+20 1e+20 1e+20 1e+20 1e+20 1e+20 1.7298743844032294
1e+20 1e+20 1e+20 1e+20 1e+20 1e+20 1e+20 1e+20 1e+20 1e+20 1e+20 1e+20 1.7298743844032294
1e+20 1e+20 1e+20 1e+20 1e+20 1e+20 1e+20 1e+20 1e+20 1e+20 1e+20 1e+20 1.7298743844032294
1e+20 1e+20 1e+20 1e+20 1e+20 1e+20 1e+20 1e+20 1e+20 1e+20 1e+20 1e+20 1.7298743844032294
1e+20 1e+20 1e+20 1e+20 1e+20 1e+20 1e+20 1e+20 1e+20 1e+20 1e+20 1e+20 1.7298743844032294
1e+20 1e+20 1e+20 1e+20 1e+20 1e+20 1e+20 1e+20 1e+20 1e+20 1e+20 1e+20 1.7298743844032294
1e+20 1e+20 1e+20 1e+20 1e+20 1e+20 1e+20 1e+20 1e+20 1e+20 1e+20 1e+20 1.7298743844032294
1e+20 1e+20 1e+20 1e+20 1e+20 1e+20 1e+20 1e+20 1e+20 1e+20 1e+20 1e+20 1.7298743844032294
1e+20 1e+20 1e+20 1e+20 1e+20 1e+20 1e+20 1e+20 1e+20 1e+20 1e+20 1e+20 1.7298743844032294
1e+20 1e+20 1e+20 1e+20 1e+20 1e+20 1e+20 1e+20 1e+20 1e+20 1e+20 1e+20 1.7298743844032294
1e+20 1e+20 1e+20 1e+20 1e+20 1e+20 1e+20 1e+20 1e+20 1e+20 1e+20 1e+20 1.7298743844032294
1e+20 1e+20 1e+20 1e+20 1e+20 1e+20 1e+20 1e+20 1e+20 1e+20 1e+20 1e+20 1.7298743844032294
1e+20 1e+20 1e+20 1e+20 1e+20 1e+20 1e+20 1e+20 1e+20 1e+20 1e+20 1e+20 1.7298743844032294
1e+20 1e+20 1e+20 1e+20 1e+20 1e+20 1e+20 1e+20 1e+20 1e+20 1e+20 1e+20 1.7298743844032294
1e+20 1e+20 1e+20 1e+20 1e+20 1e+20 1e+20 1e+20 1e+20 1e+20 1e+20 1e+20 1.7298743844032294
1e+20 1e+20 1e+20 1e+20 1e+20 1e+20 1e+20 1e+20 1e+20 1e+20 1e+20 1e+20 1.7298743844032294
1e+20 1e+20 1e+20 1e+20 1e+20 1e+20 1e+20 1e+20 1e+20 1e+20 1e+20 1e+20 1.7298743844032294
1e+20 1e+20 1e+20 1e+20 1e+20 1e+20 1e+20 1e+20 1e+20 1e+20 1e+20 1e+20 1.7298743844032294
1e+20 1e+20 1e+20 1e+20 1e+20 1e+20 1e+20 1e+20 1e+20 1e+20 1e+20 1e+20 1.7298743844032294
1e+20 1e+20 1e+20 1e+20 1e+20 1e+20 1e+20 1e+20 1e+20 1e+20 1e+20 1e+20 1.7298743844032294
1e+20 1e+20 1e+20 1e+20 1e+20 1e+20 1e+20 1e+20 1e+20 1e+20 1e+20 1e+20 1.7298743844032294
1e+20 1e+20 1e+20 1e+20 1e+20 1e+20 1e+20 1e+20 1e+20 1e+20 1e+20 1e+20 1.7298743844032294
1e+20 1e+20 1e+20 1e+20 1e+20 1e+20 1e+20 1e+20 1e+20 1e+20 1e+20 1e+20 1.7298743844032294
1e+20 1e+20 1e+20 1e+20 1e+20 1e+20 1e+20 1e+20 1e+20 1e+20 1e+20 1e+20 1.7298743844032294
1e+20 1e+20 1e+20 1e+20 1e+20 1e+20 1e+20 1e+20 1e+20 1e+20 1e+20 1e+20 1.7298743844032294
1e+20 1e+20 1e+20 1e+20 1e+20 1e+20 1e+20 1e+20 1e+20 1e+20 1e+20 1e+20 1.7298743844032294
1e+20 1e+20 1e+20 1e+20 1e+20 1e+20 1e+20 1e+20 1e+20 1e+20 1e+20 1e+20 1.7298743844032294
1e+20 1e+20 1e+20 1e+20 1e+20 1e+20 1e+20 1e+20 1e+20 1e+20 1e+20 1e+20 1.7298743844032294
1e+20 1e+20 1e+20 1e+20 1e+20 1e+20 1e+20 1e+20 1e+20 1e+20 1e+20 1e+20 1.7298743844032294
1e+20 1e+20 1e+20 1e+20 1e+20 1e+20 1e+20 1e+20 1e+20 1e+20 1e+20 1e+20 1.7298743844032294
1e+20 1e+20 1e+20 1e+20 1e+20 1e+20 1e+20 1e+20 1e+20 1e+20 1e+20 1e+20 1.7298743844032294
1e+20 1e+20 1e+20 1e+20 1e+20 1e+20 1e+20 1e+20 1e+20 1e+20 1e+20 1e+20 1.7298743844032294
1e+20 1e+20 1e+20 1e+20 1e+20 1e+20 1e+20 1e+20 1e+20 1e+20 1e+20 1e+20 1.7298743844032294
1e+20 1e+20 1e+20 1e+20 1e+20 1e+20 1e+20 1e+20 1e+20 1e+20 1e+20 1e+20 1.7298743844032294
1e+20 1e+20 1e+20 1e+20 1e+20 1e+20 1e+20 1e+20 1e+20 1e+20 1e+20 1e+20 1.7298743844032294
1e+20 1e+20 1e+20 1e+20 1e+20 1e+20 1e+20 1e+20 1e+20 1e+20 1e+20 1e+20 1.7298743844032294
1e+20 1e+20 1e+20 1e+20 1e+20 1e+20 1e+20 1e+20 1e+20 1e+20 1e+20 1e+20 1.7298743844032294
1e+20 1e+20 1e+20 1e+20 1e+20 1e+20 1e+20 1e+20 1e+20 1e+20 1e+20 1e+20 1.7298743844032294
1e+20 1e+20 1e+20 1e+20 1e+20 1e+20 1e+20 1e+20 1e+20 1e+20 1e+20 1e+20 1.7298743844032294
1e+20 1e+20 1e+20 1e+20 1e+20 1e+20 1e+20 1e+20 1e+20 1e+20 1e+20 1e+20 1.7298743844032294
1e+20 1e+20 1e+20 1e+20 1e+20 1e+20 1e+20 1e+20 1e+20 1e+20 1e+20 1e+20 1.7298743844032294
1e+20 1e+20 1e+20 1e+20 1e+20 1e+20 1e+20 1e+20 1e+20 1e+20 1e+20 1e+20 1.7298743844032294
1e+20 1e+20 1e+20 1e+20 1e+20 1e+20 1e+20 1e+20 1e+20 1e+20 1e+20 1e+20 1.7298743844032294
1e+20 1e+20 1e+20 1e+20 1e+20 1e+20 1e+20 1e+20 1e+20 1e+20 1e+20 1e+20 1.7298743844032294
1e+20 1e+20 1e+20 1e+20 1e+20 1e+20 1e+20 1e+20 1e+20 1e+20 1e+20 1e+20 1.7298743844032294
1e+20 1e+20 1e+20 1e+20 1e+20 1e+20 1e+20 1e+20 1e+20 1e+20 1e+20 1e+20 1.7298743844032294
1e+20 1e+20 1e+20 1e+20 1e+20 1e+20 1e+20 1e+20 1e+20 1e+20 1e+20 1e+20 1.7298743844032294
1e+20 1e+20 1e+20 1e+20 1e+20 1e+20 1e+20 1e+20 1e+20 1e+20 1e+20 1e+20 1.7298743844032294
1e+20 1e+20 1e+20 1e+20 1e+20 1e+20 1e+20 1e+20 1e+20 1e+20 1e+20 1e+20 1.7298743844032294
1e+20 1e+20 1e+20 1e+20 1e+20 1e+20 1e+20 1e+20 1e+20 1e+20 1e+20 1e+20 1.7298743844032294
1e+20 1e+20 1e+20 1e+20 1e+20 1e+20 1e+20 1e+20 1e+20 1e+20 1e+20 1e+20 1.7298743844032294
1e+20 1e+20 1e+20 1e+20 1e+20 1e+20 1e+20 1e+20 1e+20 1e+20 1e+20 1e+20 1.7298743844032294
1e+20 1e+20 1e+20 1e+20 1e+20 1e+20 1e+20 1e+20 1e+20 1e+20 1e+20 1e+20 1.7298743844032294
1e+20 1e+20 1e+20 1e+20 1e+20 1e+20 1e+20 1e+20 1e+20 1e+20 1e+20 1e+20 1.7298743844032294
1e+20 1e+20 1e+20 1e+20 1e+20 1e+20 1e+20 1e+20 1e+20 1e+20 1e+20 1e+20 1.7298743844032294
1e+20 1e+20 1e+20 1e+20 1e+20 1e+20 1e+20 1e+20 1e+20 1e+20 1e+20 1e+20 1.7298743844032294
1e+20 1e+20 1e+20 1e+20 1e+20 1e+20 1e+20 1e+20 1e+20 1e+20 1e+20 1e+20 1.7298743844032294
1e+20 1e+20 1e+20 1e+20 1e+20 1e+20 1e+20 1e+20 1e+20 1e+20 1e+20 1e+20 1.7298743844032294
1e+20 1e+20 1e+20 1e+20 1e+20 1e+20 1e+20 1e+20 1e+20 1e+20 1e+20 1e+20 1.7298743844032294
1e+20 1e+20 1e+20 1e+20 1e+20 1e+20 1e+20 1e+20 1e+20 1e+20 1e+20 1e+20 1.7298743844032294
1e+20 1e+20 1e+20 1e+20 1e+20 1e+20 1e+20 1e+20 1e+20 1e+20 1e+20 1e+20 1.7298743844032294
1e+20 1e+20 1e+20 1e+20 1e+20 1e+20 1e+20 1e+20 1e+20 1e+20 1e+20 1e+20 1.7298743844032294
1e+20 1e+20 1e+20 1e+20 1e+20 1e+20 1e+20 1e+20 1e+20 1e+20 1e+20 1e+20 1.7298743844032294
1e+20 1e+20 1e+20 1e+20 1e+20 1e+20 1e+20 1e+20 1e+20 1e+20 1e+20 1e+20 1.7298743844032294
1e+20 1e+20 1e+20 1e+20 1e+20 1e+20 1e+20 1e+20 1e+20 1e+20 1e+20 1e+20 1.7298743844032294
1e+20 1e+20 1e+20 1e+20 1e+20 1e+20 1e+20 1e+20 1e+20 1e+20 1e+20 1e+20 1.7298743844032294
1e+20 1e+20 1e+20 1e+20 1e+20 1e+20 1e+20 1e+20 1e+20 1e+20 1e+20 1e+20 1.7298743844032294
1e+20 1e+20 1e+20 1e+20 1e+20 1e+20 1e+20 1e+20 1e+20 1e+20 1e+20 1e+20 1.7298743844032294
1e+20 1e+20 1e+20 1e+20 1e+20 1e+20 1e+20 1e+20 1e+20 1e+20 1e+20 1e+20 1.7298743844032294
1e+20 1e+20 1e+20 1e+20 1e+20 1e+20 1e+20 1e+20 1e+20 1e+20 1e+20 1e+20 1.7298743844032294
1e+20 1e+20 1e+20 1e+20 1e+20 1e+20 1e+20 1e+20 1e+20 1e+20 1e+20 1e+20 1.7298743844032294
1e+20 1e+20 1e+20 1e+20 1e+20 1e+20 1e+20 1e+20 1e+20 1e+20 1e+20 1e+20 1.7298743844032294
1e+20 1e+20 1e+20 1e+20 1e+20 1e+20 1e+20 1e+20 1e+20 1e+20 1e+20 1e+20 1.7298743844032294
1e+20 1e+20 1e+20 1e+20 1e+20 1e+20 1e+20 1e+20 1e+20 1e+20 1e+20 1e+20 1.7298743844032294
1e+20 1e+20 1e+20 1e+20 1e+20 1e+20 1e+20 1e+20 1e+20 1e+20 1e+20 1e+20 1.7298743844032294
1e+20 1e+20 1e+20 1e+20 1e+20 1e+20 1e+20 1e+20 1e+20 1e+20 1e+20 1e+20 1.7298743844032294
1e+20 1e+20 1e+20 1e+20 1e+20 1e+20 1e+20 1e+20 1e+20 1e+20 1e+20 1e+20 1.7298743844032294
1e+20 1e+20 1e+20 1e+20 1e+20 1e+20 1e+20 1e+20 1e+20 1e+20 1e+20 1e+20 1.7298743844032294
1e+20 1e+20 1e+20 1e+20 1e+20 1e+20 1e+20 1e+20 1e+20 1e+20 1e+20 1e+20 1.7298743844032294
1e+20 1e+20 1e+20 1e+20 1e+20 1e+20 1e+20 1e+20 1e+20 1e+20 1e+20 1e+20 1.7298743844032294
1e+20 1e+20 1e+20 1e+20 1e+20 1e+20 1e+20 1e+20 1e+20 1e+20 1e+20 1e+20 1.7298743844032294
1e+20 1e+20 1e+20 1e+20 1e+20 1e+20 1e+20 1e+20 1e+20 1e+20 1e+20 1e+20 1.7298743844032294
1e+20 1e+20 1e+20 1e+20 1e+20 1e+20 1e+20 1e+20 1e+20 1e+20 1e+20 1e+20 1.7298743844032294
1e+20 1e+20 1e+20 1e+20 1e+20 1e+20 1e+20 1e+20 1e+20 1e+20 1e+20 1e+20 1.7298743844032294
1e+20 1e+20 1e+20 1e+20 1e+20 1e+20 1e+20 1e+20 1e+20 1e+20 1e+20 1e+20 1.7298743844032294
1e+20 1e+20 1e+20 1e+20 1e+20 1e+20 1e+20 1e+20 1e+20 1e+20 1e+20 1e+20 1.7298743844032294
1e+20 1e+20 1e+20 1e+20 1e+20 1e+20 1e+20 1e+20 1e+20 1e+20 1e+20 1e+20 1.7298743844032294
1e+20 1e+20 1e+20 1e+20 1e+20 1e+20 1e+20 1e+20 1e+20 1e+20 1e+20 1e+20 1.7298743844032294
1e+20 1e+20 1e+20 1e+20 1e+20 1e+20 1e+20 1e+20 1e+20 1e+20 1e+20 1e+20 1.7298743844032294
1e+20 1e+20 1e+20 1e+20 1e+20 1e+20 1e+20 1e+20 1e+20 1e+20 1e+20 1e+20 1.7298743844032294
1e+20 1e+20 1e+20 1e+20 1e+20 1e+20 1e+20 1e+20 1e+20 1e+20 1e+20 1e+20 1.7298743844032294
1e+20 1e+20 1e+20 1e+20 1e+20 1e+20 1e+20 1e+20 1e+20 1e+20 1e+20 1e+20 1.7298743844032294
1e+20 1e+20 1e+20 1e+20 1e+20 1e+20 1e+20 1e+20 1e+20 1e+20 1e+20 1e+20 1.7298743844032294
1e+20 1e+20 1e+20 1e+20 1e+20 1e+20 1e+20 1e+20 1e+20 1e+20 1e+20 1e+20 1.7298743844032294
1e+20 1e+20 1e+20 1e+20 1e+20 1e+20 1e+20 1e+20 1e+20 1e+20 1e+20 1e+20 1.7298743844032294
1e+20 1e+20 1e+20 1e+20 1e+20 1e+20 1e+20 1e+20 1e+20 1e+20 1e+20 1e+20 1.7298743844032294
1e+20 1e+20 1e+20 1e+20 1e+20 1e+20 1e+20 1e+20 1e+20 1e+20 1e+20 1e+20 1.7298743844032294
1e+20 1e+20 1e+20 1e+20 1e+20 1e+20 1e+20 1e+20 1e+20 1e+20 1e+20 1e+20 1.7298743844032294
1e+20 1e+20 1e+20 1e+20 1e+20 1e+20 1e+20 1e+20 1e+20 1e+20 1e+20 1e+20 1.7298743844032294
1e+20 1e+20 1e+20 1e+20 1e+20 1e+20 1e+20 1e+20 1e+20 1e+20 1e+20 1e+20 1.7298743844032294
1e+20 1e+20 1e+20 1e+20 1e+20 1e+20 1e+20 1e+20 1e+20 1e+20 1e+20 1e+20 1.7298743844032294
1e+20 1e+20 1e+20 1e+20 1e+20 1e+20 1e+20 1e+20 1e+20 1e+20 1e+20 1e+20 1.7298743844032294
1e+20 1e+20 1e+20 1e+20 1e+20 1e+20 1e+20 1e+20 1e+20 1e+20 1e+20 1e+20 1.7298743844032294
1e+20 1e+20 1e+20 1e+20 1e+20 1e+20 1e+20 1e+20 1e+20 1e+20 1e+20 1e+20 1.7298743844032294
1e+20 1e+20 1e+20 1e+20 1e+20 1e+20 1e+20 1e+20 1e+20 1e+20 